2233
1302
1732
1315
1683
1785
1134
1537
1966
1174
2036
1630
1507
1689
1288
1561
1467
1334
1761
1750
1700
1696
1432
1465
1489
1544
1161
1550
1494
1956
1643
1361
2041
1889
1649
1825
1558
1342
1313
1788
1499
1337
1524
1376
1404
1753
1387
1945
1248
1644
1894
1400
1315
1640
1302
1601
1833
1817
1403
1393
1084
1832
1224
1568
1449
1412
1556
1372
1660
1284
1185
1665
1819
1403
1608
1374
1729
1662
1422
1384
1670
1444
1683
1684
1097
1428
1108
1536
1788
1584
1497
1308
1436
1875
1566
1529
1390
1897
1556
1680
1697
1348
1403
1206
1107
1643
1601
1443
1516
1660
1742
1784
2075
1465
1345
1816
1852
1416
1353
1152
1168
1496
1643
1566
1236
1804
1876
1233
1825
1232
1339
1414
1476
1416
1686
1536
1297
1561
1590
1646
1220
1731
1665
1920
1561
1451
1606
1684
1502
1828
1662
1633
1520
1395
1843
1956
1544
1580
1540
1808
1803
1598
1449
1348
1425
1280
1388
1385
1808
1315
1328
1648
1662
1539
1264
1475
1833
1404
1532
1579
1675
1534
1601
1515
1228
1051
1414
1806
1528
1556
1660
1572
1196
1651
1532
1587
1627
1790
1742
1369
1809
1564
1622
1403
1540
1334
1488
1280
1366
1616
1712
1614
1440
1560
1684
1675
1520
1844
1784
1899
1515
1137
1435
1494
1324
1270
1721
1748
1720
1899
1617
1190
1419
1014
1115
1387
1852
1329
1696
1916
1824
1316
2006
1548
1332
1747
1588
1604
1494
1856
1241
1761
1793
1187
1208
1612
1737
2089
1814
1548
1528
1436
1804
1652
1361
1352
1624
1588
1686
1923
1768
1808
1875
1886
1963
1803
