8.626,1879523060,0.56,-0.03,20.19,0,0,0,0.0,-547,403,24803,8.496,-593,501,24809,8.546,-405,423,24809,8.586,-464,329,24637,8.626
8.936,1879523061,0.45,0.03,36.18,-516,384,24718,8.696,-457,380,24793,8.746,-475,517,24553,8.786,-572,497,24783,8.826,-430,478,24809,8.936
9.226,1879523062,0.16,0.11,26.53,-537,423,24777,9.16,-502,442,24835,9.75,-509,411,24689,9.146,-540,489,24943,9.186,-416,372,24803,9.226
9.496,1879523063,-0.04,0.16,24.75,-561,344,24842,9.306,-520,384,24881,9.357,-593,446,24861,9.416,-492,368,24718,9.457,-506,435,24809,9.496
9.752,1879523064,-0.21,0.20,21.74,-495,497,24855,9.586,-478,348,24868,9.626,-665,466,24676,9.684,-495,493,24839,9.732,-364,513,24692,9.752
10.111,1879523065,-0.36,0.24,17.06,-436,419,24787,9.886,-516,344,24699,9.931,-388,372,24754,10.16,-384,442,24852,10.66,-409,435,24670,10.111
10.332,1879523066,-0.47,0.26,17.73,-343,399,24803,10.196,-471,431,24738,10.246,-530,384,24803,10.292,-547,317,24946,10.312,-537,415,24917,10.332
10.572,1879523067,-0.56,0.28,17.89,-447,478,24777,10.467,-516,442,24517,10.511,-516,337,24806,10.532,-534,344,24731,10.552,-495,435,24855,10.572
10.832,1879523068,-0.62,0.30,15.16,-353,399,24686,10.666,-381,395,24806,10.711,-405,388,24722,10.766,-450,356,24923,10.811,-443,423,24777,10.832
11.46,1879523069,-0.68,0.31,17.82,-482,372,24783,10.931,-457,470,24806,10.952,-436,450,24861,10.973,-433,415,24835,10.993,-454,493,24735,11.46
11.311,1879523070,-0.72,0.32,24.78,-423,478,24790,11.116,-523,462,24878,11.166,-461,341,24878,11.211,-398,372,24676,11.266,-558,341,24764,11.311
11.472,1879523071,-0.76,0.33,18.77,-506,321,24803,11.392,-482,486,24670,11.412,-495,439,24848,11.433,-544,482,24774,11.452,-499,446,24764,11.472
11.775,1879523072,-0.80,0.34,9.86,-468,356,24887,11.566,-520,462,24731,11.611,-419,305,24608,11.676,-485,344,24705,11.716,-423,384,24692,11.775
12.46,1879523073,-0.84,0.35,15.20,-461,388,24796,11.892,-391,482,24686,11.912,-537,403,24878,11.932,-482,407,24881,11.974,-419,380,24735,12.46
12.346,1879523074,-0.87,0.36,11.50,-572,360,24790,12.116,-395,376,24566,12.166,-613,368,24793,12.211,-433,454,24822,12.296,-471,368,24754,12.346
12.552,1879523075,-0.89,0.36,7.69,-436,380,24702,12.416,-416,435,24917,12.466,-589,427,24832,12.511,-433,321,24887,12.532,-523,431,24910,12.552
12.816,1879523076,-0.91,0.37,17.83,-499,395,24702,12.692,-464,309,24673,12.712,-527,442,24644,12.732,-482,380,24764,12.776,-551,442,25037,12.816
12.972,1879523077,-0.92,0.38,14.84,-450,423,24878,12.872,-464,442,24751,12.906,-530,536,24800,12.932,-464,466,24816,12.952,-457,376,24826,12.972
13.266,1879523078,-0.93,0.38,13.68,-558,517,24809,13.91,-416,282,24904,13.136,-492,489,24767,13.176,-509,395,24657,13.216,-492,352,24920,13.266
13.536,1879523079,-0.94,0.39,14.80,-551,403,24748,13.346,-495,431,24871,13.406,-423,411,24904,13.456,-586,360,24637,13.496,-554,407,24735,13.536
13.776,1879523080,-0.95,0.39,4.87,-540,466,24601,13.606,-492,536,24887,13.656,-513,439,24725,13.697,-412,470,24787,13.736,-430,309,24715,13.776
14.76,1879523081,-0.95,0.39,13.01,-391,290,24907,13.906,-565,474,24738,13.956,-554,372,24744,13.996,-454,388,24728,14.36,-398,395,24904,14.76
14.376,1879523082,-0.96,0.39,11.18,-482,348,24874,14.206,-468,395,24891,14.256,-582,439,24796,14.296,-450,505,24835,14.336,-468,352,24881,14.376
14.676,1879523083,-0.97,0.39,7.20,-426,435,24845,14.506,-527,478,24709,14.556,-509,529,24891,14.596,-353,325,24829,14.636,-540,388,24588,14.676
14.976,1879523084,-0.97,0.40,12.13,-468,521,24764,14.807,-447,521,24790,14.856,-440,364,24764,14.896,-502,415,24738,14.936,-464,423,24777,14.976
15.277,1879523085,-0.97,0.40,4.57,-416,446,24705,15.106,-440,391,24800,15.156,-409,364,24686,15.196,-558,454,24904,15.236,-447,399,24790,15.277
15.466,1879523086,-0.98,0.40,12.22,-468,474,24735,15.346,-513,552,24891,15.379,-461,439,24683,15.402,-423,431,24702,15.422,-443,442,24725,15.466
15.642,1879523087,-0.97,0.40,9.80,-461,466,24891,15.508,-482,439,24722,15.556,-457,395,24787,15.589,-426,505,24835,15.618,-454,337,24796,15.642
15.842,1879523088,-0.98,0.40,1.12,-523,462,24787,15.704,-419,411,24533,15.756,-450,419,24790,15.794,-534,427,24855,15.822,-565,454,24822,15.842
16.22,1879523089,-0.98,0.40,8.66,-488,321,24774,15.904,-371,439,24767,15.961,-485,431,24861,15.982,-509,446,24793,16.2,-506,427,24884,16.22
16.222,1879523090,-0.98,0.40,13.27,-405,470,24770,16.85,-381,419,24673,16.118,-468,372,24741,16.166,-520,348,24757,16.198,-367,329,24761,16.222
16.422,1879523091,-0.99,0.41,9.26,-530,454,24806,16.285,-468,391,24754,16.318,-433,317,24715,16.366,-388,376,24809,16.398,-513,415,24722,16.422
16.622,1879523092,-0.99,0.41,10.30,-443,435,24650,16.485,-464,364,24533,16.518,-471,368,24936,16.566,-499,486,24842,16.598,-457,372,24673,16.622
16.822,1879523093,-0.99,0.41,12.29,-478,482,24881,16.685,-499,372,24670,16.718,-475,521,24787,16.766,-367,309,24783,16.798,-402,446,24751,16.822
17.22,1879523094,-0.99,0.41,5.53,-426,368,24920,16.885,-374,360,24618,16.918,-537,317,24858,16.966,-492,509,24761,16.998,-430,317,24637,17.22
17.222,1879523095,-0.99,0.41,13.23,-402,454,24728,17.85,-412,399,24790,17.118,-502,470,24767,17.166,-409,501,24800,17.198,-461,497,24657,17.222
17.422,1879523096,-0.98,0.40,11.83,-329,458,24800,17.285,-523,450,24787,17.318,-586,325,24881,17.366,-527,407,24865,17.398,-468,529,24722,17.422
17.622,1879523097,-0.98,0.40,9.74,-638,450,24757,17.485,-523,540,24861,17.518,-378,470,24712,17.566,-520,321,24676,17.598,-516,388,24757,17.622
17.822,1879523098,-0.98,0.40,16.21,-384,454,24731,17.686,-416,391,24744,17.718,-443,403,24979,17.766,-381,521,24683,17.798,-499,364,24712,17.822
18.22,1879523099,-0.98,0.39,13.35,-443,486,24718,17.885,-416,360,24891,17.918,-506,439,24666,17.966,-419,278,24904,17.999,-457,368,24923,18.22
18.172,1879523100,-0.98,0.39,3.67,-436,282,24982,18.91,-457,372,24865,18.112,-232,548,24832,18.133,-353,446,24985,18.152,-551,329,24705,18.172
18.342,1879523101,-0.98,0.40,11.20,-558,352,24673,18.218,-426,388,24962,18.266,-395,533,24816,18.298,-506,329,24761,18.322,-502,348,24696,18.342
18.522,1879523102,-0.98,0.40,9.34,-430,415,24907,18.404,-617,509,24884,18.461,-488,403,24696,18.482,-464,446,24692,18.502,-502,517,24660,18.522
18.672,1879523103,-0.98,0.39,17.41,-527,419,24653,18.591,-312,344,24696,18.612,-423,305,24891,18.632,-513,454,24855,18.652,-430,501,24930,18.672
18.842,1879523104,-0.98,0.40,11.72,-582,348,24627,18.718,-530,372,24696,18.766,-475,466,24936,18.798,-593,333,24621,18.822,-475,364,24618,18.842
19.2,1879523105,-0.99,0.40,5.15,-582,489,24930,18.910,-620,333,24803,18.942,-565,348,24588,18.962,-423,399,24839,18.982,-322,446,24813,19.2
19.142,1879523106,-0.98,0.40,14.94,-485,474,24471,19.61,-582,525,24770,19.82,-409,384,24533,19.102,-450,305,24887,19.122,-239,450,24897,19.142
19.356,1879523107,-0.98,0.40,11.56,-384,290,24787,19.209,-461,423,24855,19.256,-426,317,24728,19.289,-565,329,24722,19.312,-492,286,24829,19.356
19.512,1879523108,-0.98,0.40,15.16,-495,466,24927,19.398,-488,313,24738,19.436,-606,372,24800,19.470,-436,407,24855,19.492,-461,627,24790,19.512
19.754,1879523109,-0.98,0.40,8.40,-593,391,24663,19.577,-395,450,24848,19.608,-388,368,24559,19.657,-558,380,24839,19.701,-478,407,24728,19.754
19.956,1879523110,-0.98,0.39,17.33,-502,442,24663,19.810,-381,454,24940,19.856,-433,568,25034,19.889,-447,431,24907,19.912,-457,446,24848,19.956
20.112,1879523111,-0.98,0.40,14.91,-405,372,24728,19.998,-499,360,24627,20.36,-495,431,24770,20.70,-447,505,24822,20.92,-551,536,24585,20.112
20.312,1879523112,-0.98,0.40,13.17,-419,395,24712,20.177,-488,446,24842,20.208,-579,462,24608,20.256,-582,450,24644,20.289,-447,450,24770,20.312
20.512,1879523113,-0.99,0.40,11.55,-416,497,24800,20.377,-450,399,24718,20.408,-423,407,24813,20.456,-405,364,24845,20.489,-495,290,24897,20.512
20.712,1879523114,-0.99,0.40,13.24,-488,478,24686,20.577,-450,466,24699,20.608,-454,439,24770,20.656,-530,360,24874,20.689,-544,439,24803,20.712
20.912,1879523115,-0.99,0.40,11.47,-492,446,24712,20.777,-537,419,24848,20.808,-568,333,24644,20.856,-423,536,24712,20.889,-502,544,24878,20.912
21.112,1879523116,-0.99,0.40,11.22,-464,352,24904,20.977,-527,376,24722,21.8,-423,415,24865,21.56,-471,368,24767,21.89,-430,521,24839,21.112
21.312,1879523117,-0.99,0.39,15.00,-443,403,24930,21.177,-450,482,24946,21.208,-423,482,24793,21.256,-423,454,24787,21.289,-565,423,24774,21.312
21.512,1879523118,-0.99,0.39,11.23,-488,384,24715,21.377,-436,470,24826,21.408,-471,391,24676,21.456,-325,431,24679,21.489,-558,380,24900,21.512
21.712,1879523119,-0.99,0.39,15.86,-599,501,24861,21.576,-464,364,24845,21.608,-419,407,24770,21.656,-547,395,24709,21.689,-430,376,24780,21.712
21.912,1879523120,-0.99,0.39,7.95,-443,544,24692,21.777,-534,391,24796,21.808,-523,489,24927,21.856,-443,466,24673,21.889,-527,380,24595,21.912
22.112,1879523121,-1.00,0.39,12.36,-412,442,24848,21.977,-565,423,24835,22.8,-485,337,24735,22.56,-436,356,24673,22.89,-527,399,24725,22.112
22.312,1879523122,-1.00,0.39,9.85,-430,482,24822,22.177,-384,462,24650,22.208,-450,435,24871,22.256,-440,556,24767,22.289,-509,478,24884,22.312
22.512,1879523123,-1.00,0.39,4.79,-475,246,24809,22.377,-419,489,24809,22.408,-412,403,24809,22.456,-530,293,24741,22.489,-478,356,24777,22.512
22.712,1879523124,-0.82,0.45,12.92,-447,486,24826,22.577,-409,348,24715,22.608,-447,466,24676,22.656,-502,388,24806,22.689,-426,439,24692,22.712
22.912,1879523125,-0.63,0.53,15.50,-471,399,24868,22.777,-575,243,24579,22.808,-374,435,24982,22.856,-457,384,24848,22.889,-395,407,24738,22.912
23.112,1879523126,-0.46,0.60,19.03,-367,509,25034,22.977,-520,297,24709,23.8,-471,391,24683,23.56,-374,462,24767,23.89,-430,454,24907,23.112
23.262,1879523127,-0.32,0.66,19.70,-450,415,24699,23.182,-312,587,24933,23.202,-478,454,25053,23.222,-471,486,24822,23.242,-544,423,24816,23.262
23.456,1879523128,-0.21,0.70,17.27,-485,466,24575,23.334,-527,376,24705,23.370,-488,482,24741,23.392,-433,399,24683,23.412,-384,431,24770,23.456
23.656,1879523129,-0.08,0.73,24.06,-426,419,24718,23.504,-488,235,24757,23.556,-409,435,24861,23.589,-520,435,24738,23.612,-527,301,24650,23.656
23.856,1879523130,0.02,0.77,23.97,-374,486,24751,23.704,-464,505,24767,23.756,-544,282,24546,23.789,-534,270,24702,23.812,-457,439,24865,23.856
24.56,1879523131,0.11,0.80,19.67,-527,274,24800,23.904,-488,286,24835,23.956,-534,474,24933,23.989,-436,391,24780,24.12,-488,372,24829,24.56
24.256,1879523132,0.19,0.82,28.73,-391,513,24855,24.104,-513,403,24731,24.156,-482,454,24770,24.189,-509,458,24852,24.212,-364,572,24861,24.256
24.456,1879523133,0.26,0.85,17.65,-499,427,24696,24.304,-423,446,24998,24.356,-488,419,24861,24.389,-468,474,24816,24.412,-430,458,24835,24.456
24.656,1879523134,0.32,0.87,21.28,-419,458,24644,24.504,-433,423,24858,24.556,-523,388,24813,24.589,-384,501,24741,24.612,-464,341,24920,24.656
24.856,1879523135,0.37,0.90,28.33,-499,509,24748,24.704,-430,391,24709,24.756,-468,293,24731,24.789,-516,435,24653,24.812,-502,454,24783,24.856
25.56,1879523136,0.41,0.93,20.10,-482,505,24718,24.904,-527,309,24800,24.956,-582,301,24696,24.989,-468,384,24793,25.12,-565,415,24575,25.56
25.256,1879523137,0.45,0.94,18.39,-537,454,24761,25.104,-423,501,24796,25.156,-454,341,24582,25.189,-440,407,24735,25.212,-454,595,24735,25.256
25.442,1879523138,0.48,0.95,16.96,-579,254,24621,25.304,-343,482,24735,25.356,-568,407,24822,25.389,-558,368,24731,25.418,-471,199,24718,25.442
25.642,1879523139,0.51,0.95,25.15,-468,517,24861,25.504,-360,317,24917,25.556,-540,199,24663,25.591,-378,697,24910,25.618,-530,607,24822,25.642
25.843,1879523140,0.53,0.96,18.80,-315,258,24608,25.704,-461,638,24907,25.756,-506,478,24780,25.789,-426,239,24712,25.819,-433,482,24787,25.843
26.62,1879523141,0.56,0.97,15.71,-502,352,24692,25.943,-360,470,24979,25.986,-506,533,24809,26.18,-561,411,24777,26.42,-478,290,24510,26.62
26.242,1879523142,0.58,0.97,27.69,-436,489,24780,26.134,-606,419,24927,26.170,-433,427,24718,26.198,-360,466,24861,26.222,-499,482,24718,26.242
26.442,1879523143,0.59,0.98,17.95,-485,364,24816,26.304,-457,521,24757,26.356,-457,482,24624,26.389,-540,399,24702,26.418,-398,423,24790,26.442
26.642,1879523144,0.60,0.98,27.41,-440,325,24923,26.504,-495,368,24748,26.556,-523,313,24845,26.589,-450,439,24757,26.618,-447,407,24813,26.642
26.842,1879523145,0.61,0.98,24.51,-433,450,24631,26.704,-596,470,24783,26.756,-516,442,24962,26.789,-430,372,24673,26.818,-433,297,24650,26.842
27.42,1879523146,0.63,0.99,19.76,-488,360,24826,26.904,-488,423,24754,26.956,-395,391,24907,26.989,-423,399,24790,27.18,-551,364,24770,27.42
27.242,1879523147,0.64,0.99,29.90,-339,435,24696,27.104,-468,493,24618,27.156,-464,446,24793,27.189,-398,380,24787,27.218,-443,337,24738,27.242
27.442,1879523148,0.65,0.99,28.87,-485,301,24936,27.304,-475,391,24819,27.356,-575,333,24582,27.389,-520,403,24809,27.418,-378,368,24783,27.442
27.642,1879523149,0.65,0.99,28.63,-416,439,24819,27.504,-568,388,24891,27.556,-468,411,24829,27.589,-547,442,24868,27.618,-471,360,24780,27.642
27.842,1879523150,0.66,0.99,13.07,-405,470,24796,27.704,-461,466,24738,27.756,-378,431,24780,27.789,-544,356,24741,27.818,-485,505,24835,27.842
28.42,1879523151,0.67,1.00,23.52,-447,341,24917,27.904,-433,462,24839,27.956,-468,486,24725,27.989,-395,431,24705,28.18,-502,442,24813,28.42
28.222,1879523152,0.67,1.00,19.61,-471,411,24891,28.104,-575,380,24829,28.161,-464,368,24900,28.182,-416,391,24728,28.202,-436,584,24780,28.222
28.422,1879523153,0.68,1.01,19.79,-471,325,24796,28.285,-520,431,24852,28.318,-388,423,24839,28.366,-443,431,24933,28.398,-537,301,24894,28.422
28.622,1879523154,0.69,1.01,18.04,-308,489,24780,28.485,-513,540,24806,28.518,-485,458,24858,28.566,-443,403,24777,28.598,-440,446,24806,28.622
28.822,1879523155,0.70,1.01,22.41,-475,435,24715,28.685,-443,360,24764,28.718,-433,462,24751,28.766,-506,368,24845,28.798,-426,423,24614,28.822
29.22,1879523156,0.70,1.02,29.33,-468,529,24904,28.885,-433,399,24936,28.918,-492,521,24673,28.966,-464,462,24923,28.998,-554,529,24855,29.22
29.223,1879523157,0.70,1.03,23.16,-461,344,24842,29.85,-506,552,24917,29.118,-499,407,24666,29.166,-492,489,24878,29.198,-447,497,24930,29.223
29.422,1879523158,0.69,1.03,22.93,-419,403,24621,29.285,-322,184,24462,29.318,-447,427,24913,29.366,-436,509,24686,29.398,-461,388,24588,29.422
29.622,1879523159,0.67,1.05,21.03,-381,450,24985,29.485,-426,407,24865,29.518,-527,364,24790,29.566,-468,360,24809,29.598,-506,348,24699,29.622
29.822,1879523160,0.64,1.07,23.23,-471,388,24601,29.685,-430,595,25209,29.718,-579,266,24696,29.766,-419,207,24676,29.798,-343,243,24614,29.822
30.22,1879523161,0.61,1.09,18.04,-651,297,24748,29.885,-436,168,24809,29.918,-409,395,24871,29.966,-603,313,24748,29.998,-527,380,24728,30.22
30.222,1879523162,0.62,1.09,17.44,-516,239,24822,30.85,-589,364,24813,30.118,-554,313,24826,30.166,-547,356,24774,30.198,-475,380,24871,30.222
30.372,1879523163,0.63,1.09,24.46,-579,380,24637,30.291,-440,199,24787,30.312,-447,380,24891,30.332,-461,501,24829,30.352,-502,325,24757,30.372
30.542,1879523164,0.64,1.09,25.72,-509,270,24741,30.418,-475,313,24751,30.466,-530,399,24722,30.498,-596,329,24699,30.522,-468,376,24878,30.542
30.702,1879523165,0.66,1.08,22.37,-492,341,24699,30.609,-471,337,24764,30.642,-502,356,24767,30.662,-454,391,24927,30.682,-461,360,24933,30.702
30.842,1879523166,0.66,1.08,25.04,-568,415,24907,30.761,-537,364,24666,30.782,-540,290,24845,30.802,-391,329,24679,30.822,-495,509,25014,30.842
31.2,1879523167,0.67,1.08,24.83,-499,439,24650,30.909,-593,305,24640,30.942,-540,419,24884,30.962,-544,384,24803,30.982,-499,356,24777,31.2
31.142,1879523168,0.70,1.06,26.40,-471,301,24881,31.61,-586,313,24377,31.82,-499,274,24543,31.102,-589,384,25782,31.122,-277,780,24361,31.142
31.302,1879523169,0.73,1.06,26.34,-516,235,24751,31.209,-457,533,24767,31.242,-246,595,24936,31.262,-381,509,25008,31.282,-509,391,24566,31.302
31.442,1879523170,0.75,1.04,21.59,-506,199,25050,31.361,-412,564,24868,31.382,-364,560,24725,31.402,-502,356,24722,31.422,-586,227,24790,31.442
31.656,1879523171,0.76,1.04,27.99,-454,411,24988,31.509,-513,286,24611,31.556,-537,521,24917,31.589,-443,572,25200,31.612,-475,313,24751,31.656
31.812,1879523172,0.77,1.04,15.31,-606,368,24608,31.698,-488,290,24962,31.736,-579,301,24848,31.770,-537,341,24650,31.792,-495,270,24790,31.812
32.12,1879523173,0.77,1.04,20.05,-461,450,24787,31.877,-651,450,24809,31.908,-575,454,24575,31.956,-530,388,24813,31.989,-468,395,24842,32.12
32.212,1879523174,0.78,1.04,22.22,-447,239,24647,32.77,-488,587,24819,32.108,-478,286,24822,32.156,-568,305,24806,32.189,-527,446,24848,32.212
32.412,1879523175,0.80,1.03,25.18,-478,391,24839,32.277,-450,360,24657,32.308,-561,388,24790,32.360,-104,384,24718,32.389,-357,301,24735,32.412
32.612,1879523176,0.81,1.02,21.66,-378,595,24725,32.477,-409,450,24868,32.508,-537,290,24686,32.556,-561,529,24848,32.589,-513,478,25118,32.612
32.812,1879523177,0.82,1.01,27.51,-527,352,24819,32.677,-419,356,24959,32.708,-398,544,24972,32.756,-589,391,24738,32.789,-332,384,24855,32.812
33.12,1879523178,0.83,1.00,22.30,-388,411,24852,32.901,-461,364,24709,32.936,-450,568,24796,32.970,-447,415,24770,32.992,-523,505,24689,33.12
33.212,1879523179,0.83,1.00,22.90,-488,391,24618,33.77,-461,431,24770,33.108,-402,380,24754,33.156,-482,388,24709,33.189,-495,533,24874,33.212
33.412,1879523180,0.84,0.99,15.94,-520,333,24754,33.277,-384,454,24783,33.308,-461,376,24891,33.356,-530,415,24666,33.389,-540,337,24878,33.412
33.612,1879523181,0.85,1.00,27.88,-426,431,24949,33.477,-516,368,24757,33.508,-471,391,24728,33.556,-374,466,24800,33.589,-544,458,24832,33.612
33.812,1879523182,0.85,0.99,20.40,-443,407,24595,33.677,-430,450,24777,33.708,-488,439,24689,33.756,-506,442,24588,33.789,-395,368,24829,33.812
34.12,1879523183,0.85,0.99,25.68,-461,450,24803,33.877,-558,411,24660,33.908,-402,489,24725,33.957,-423,364,24894,33.989,-454,509,24748,34.12
34.212,1879523184,0.85,0.99,23.13,-527,486,24673,34.77,-357,450,24787,34.108,-551,521,24813,34.156,-398,478,24774,34.189,-447,305,24835,34.212
34.412,1879523185,0.85,0.99,21.32,-596,368,24741,34.277,-450,395,24796,34.308,-374,388,24705,34.356,-384,493,24835,34.389,-436,462,24774,34.412
34.612,1879523186,0.84,0.99,26.64,-506,411,24822,34.477,-540,544,24813,34.508,-440,419,24653,34.556,-381,591,24764,34.589,-426,572,24676,34.612
34.812,1879523187,0.84,0.99,21.68,-513,442,24627,34.677,-606,391,24865,34.708,-485,372,24809,34.756,-620,286,24829,34.789,-450,411,24835,34.812
35.12,1879523188,0.84,0.99,24.43,-488,270,24689,34.877,-579,411,24686,34.908,-447,399,24855,34.956,-551,305,24653,34.989,-499,435,24897,35.12
35.212,1879523189,0.85,0.99,17.29,-568,458,25066,35.76,-426,529,24783,35.108,-436,341,24413,35.156,-475,446,24842,35.189,-391,474,24826,35.212
35.470,1879523190,0.85,0.98,20.99,-599,380,24715,35.300,-294,446,24735,35.354,-565,446,24936,35.394,-416,352,24816,35.436,-485,352,24790,35.470
35.656,1879523191,0.85,0.98,21.55,-561,493,24852,35.534,-416,380,24673,35.570,-433,395,24660,35.592,-468,431,24722,35.612,-346,395,24718,35.656
35.850,1879523192,0.85,0.98,14.48,-482,454,24979,35.704,-364,364,24917,35.756,-596,482,24601,35.789,-527,497,24676,35.812,-450,399,24881,35.850
36.56,1879523193,0.85,0.98,24.60,-471,439,24845,35.904,-471,364,24842,35.956,-516,521,24806,35.989,-551,282,24627,36.12,-322,352,24920,36.56
36.256,1879523194,0.85,0.98,27.22,-450,462,24731,36.104,-561,407,24852,36.156,-492,348,24887,36.189,-547,435,24874,36.212,-572,474,24803,36.256
36.456,1879523195,0.84,0.98,26.62,-506,372,24767,36.304,-530,458,24741,36.356,-558,325,24832,36.389,-554,384,24832,36.412,-513,399,24920,36.456
36.656,1879523196,0.84,0.98,21.02,-565,505,24761,36.504,-499,274,24731,36.556,-506,568,24696,36.589,-537,423,24741,36.612,-329,352,24816,36.656
36.856,1879523197,0.83,0.99,19.77,-440,388,24709,36.704,-488,376,24663,36.756,-457,395,24728,36.789,-461,368,24718,36.812,-443,478,24966,36.856
37.56,1879523198,0.84,0.98,28.10,-443,384,24582,36.904,-436,344,24822,36.956,-509,348,24725,36.989,-457,489,24621,37.12,-523,274,24783,37.56
37.256,1879523199,0.82,0.99,18.99,-516,458,24728,37.104,-502,403,24621,37.156,-391,290,24927,37.189,-468,348,24829,37.212,-464,454,25170,37.256
37.456,1879523200,0.76,1.03,32.49,-603,176,24416,37.304,-593,195,25027,37.356,-440,525,24975,37.389,-679,391,25092,37.412,-537,172,24510,37.456
37.642,1879523201,0.76,1.04,24.66,-350,474,25096,37.504,-430,309,24728,37.556,-513,231,24705,37.589,-388,544,24754,37.618,-457,533,24813,37.642
37.842,1879523202,0.74,1.05,22.68,-443,141,24595,37.704,-464,478,24907,37.756,-509,297,24777,37.789,-475,243,24735,37.818,-534,305,24904,37.842
38.42,1879523203,0.74,1.05,27.75,-405,352,24796,37.904,-471,309,24683,37.956,-506,246,24611,37.989,-426,466,24956,38.18,-558,317,24783,38.42
38.242,1879523204,0.74,1.05,24.49,-433,356,24868,38.104,-554,415,24900,38.156,-582,348,24806,38.189,-454,344,24816,38.218,-544,243,24927,38.242
38.442,1879523205,0.78,1.00,19.60,-540,211,24546,38.304,-398,105,24657,38.356,-398,344,24754,38.389,-672,282,24696,38.418,-405,403,24842,38.442
38.642,1879523206,0.74,1.08,22.30,-523,337,24650,38.504,-482,576,24683,38.556,-506,470,24813,38.589,-1494,-246,23239,38.618,-721,462,24585,38.642
38.842,1879523207,0.68,1.16,23.12,-631,380,24741,38.704,-554,254,24647,38.756,-520,372,24829,38.789,-509,399,24897,38.818,-641,239,24699,38.842
39.42,1879523208,0.68,1.17,13.51,-499,360,24751,38.904,-530,286,24696,38.956,-655,360,24712,38.989,-624,286,24852,39.18,-586,348,24832,39.42
39.242,1879523209,0.68,1.17,23.49,-575,266,24709,39.104,-665,376,24793,39.156,-495,439,24770,39.189,-558,525,24835,39.218,-679,489,24637,39.242
39.442,1879523210,0.69,1.18,26.02,-613,270,24728,39.304,-495,368,24839,39.356,-589,329,24858,39.389,-492,344,24754,39.418,-586,466,24709,39.442
39.642,1879523211,0.69,1.17,23.20,-641,360,24796,39.504,-475,309,24826,39.556,-516,317,24634,39.589,-679,395,24549,39.618,-568,391,24751,39.642
39.842,1879523212,0.69,1.17,26.35,-461,384,24881,39.704,-752,399,24744,39.756,-516,380,24715,39.789,-582,462,24722,39.818,-485,317,24835,39.842
40.42,1879523213,0.70,1.15,22.42,-547,321,25141,39.904,-523,454,24754,39.956,-582,274,24735,39.989,-499,341,24800,40.18,-499,376,24621,40.42
40.242,1879523214,0.70,1.15,26.81,-613,368,24783,40.104,-471,341,24757,40.156,-478,372,24813,40.189,-589,411,24754,40.218,-534,415,24715,40.242
40.422,1879523215,0.70,1.16,27.35,-624,466,24796,40.304,-534,348,24751,40.361,-627,317,24930,40.382,-624,391,24796,40.402,-589,301,24764,40.422
40.622,1879523216,0.70,1.16,27.06,-513,474,24897,40.485,-478,325,24813,40.518,-544,388,24696,40.566,-544,380,24868,40.599,-534,317,24608,40.622
40.822,1879523217,0.70,1.16,27.46,-579,364,24868,40.685,-520,341,24969,40.718,-527,388,24826,40.766,-596,262,24845,40.798,-447,376,24966,40.822
41.22,1879523218,0.69,1.16,20.15,-468,376,24988,40.885,-617,305,24722,40.918,-509,360,24809,40.966,-534,380,24754,40.998,-565,325,24419,41.22
41.222,1879523219,0.69,1.17,23.39,-627,223,24683,41.85,-561,329,24790,41.118,-606,278,24848,41.166,-540,297,24962,41.198,-561,454,24855,41.222
41.422,1879523220,0.69,1.17,24.59,-599,297,24572,41.285,-606,211,24774,41.318,-537,313,24832,41.366,-530,290,24787,41.398,-641,380,24832,41.422
41.622,1879523221,0.78,1.01,26.29,-547,364,24692,41.485,-319,395,25040,41.518,-447,391,24575,41.566,-436,470,24871,41.598,-208,568,25144,41.622
41.822,1879523222,0.72,1.10,24.39,-804,145,24621,41.685,-398,505,25027,41.718,-495,533,24696,41.766,-332,411,25183,41.798,-665,15,24397,41.822
42.22,1879523223,0.71,1.12,26.09,-433,529,25466,41.885,-568,380,24751,41.918,-509,231,24790,41.966,-395,478,24738,41.998,-749,442,24644,42.22
42.222,1879523224,0.75,1.05,25.87,-669,117,24572,42.85,1484,1556,24748,42.118,-1636,54,26744,42.166,-2385,-411,24962,42.198,-1248,-19,24533,42.222
42.422,1879523225,0.74,1.11,20.72,-603,317,24790,42.285,-478,337,24670,42.318,-478,282,24757,42.366,-527,-215,24933,42.398,-509,372,24839,42.422
42.572,1879523226,0.73,1.13,11.77,-610,360,24793,42.491,-454,462,24936,42.512,-599,344,24761,42.532,-613,176,24338,42.552,-506,231,24709,42.572
42.742,1879523227,0.82,0.99,16.80,-478,576,24819,42.618,-239,536,25138,42.666,-482,341,24806,42.698,-346,454,24887,42.722,-405,564,24845,42.742
42.922,1879523228,0.75,1.09,12.41,-641,368,24325,42.804,322,1317,24806,42.861,-419,556,24660,42.882,-787,172,25021,42.902,-551,266,24852,42.922
43.72,1879523229,0.81,1.03,3.98,-1078,-148,24510,42.991,-613,329,24917,43.12,-41,732,24927,43.32,-221,219,24949,43.52,-1161,-101,24579,43.72
43.242,1879523230,0.94,0.86,-5.49,-319,768,24913,43.118,-183,344,24722,43.166,-808,321,24436,43.198,-267,803,25014,43.222,-58,717,24845,43.242
43.402,1879523231,1.13,0.62,-6.24,-551,533,24923,43.309,-714,509,24738,43.342,-475,458,24728,43.362,-686,344,24777,43.382,-461,458,24826,43.402
43.542,1879523232,1.19,0.55,-17.15,-110,619,24718,43.461,-579,270,24780,43.482,-329,388,24754,43.502,-149,501,24705,43.522,76,732,24920,43.542
43.712,1879523233,1.14,0.60,-43.38,-925,82,24995,43.609,-228,388,24744,43.642,162,678,24696,43.662,-1494,-290,24484,43.689,-988,223,25040,43.712
43.912,1879523234,1.18,0.48,-45.08,-350,439,24871,43.777,190,701,24725,43.808,263,450,24634,43.856,-104,325,24566,43.889,-131,364,24933,43.912
44.112,1879523235,1.28,0.26,-49.71,440,462,24475,43.977,-1272,254,24936,44.8,-440,376,24900,44.56,-475,431,25001,44.89,17,732,24852,44.112
44.312,1879523236,1.31,0.20,-51.36,-651,458,24861,44.177,-312,403,24793,44.208,235,591,24741,44.256,-211,203,24657,44.289,-717,258,24829,44.312
44.512,1879523237,1.31,0.09,-53.80,-540,-50,24566,44.377,-509,462,24364,44.408,242,787,24689,44.456,915,654,24718,44.489,364,587,24673,44.512
44.712,1879523238,1.36,-0.03,-54.14,-853,740,24962,44.577,211,682,24816,44.608,13,489,24575,44.656,305,552,24770,44.689,27,521,24900,44.712
44.912,1879523239,1.35,-0.07,-50.22,-932,439,24660,44.777,215,317,24868,44.808,-724,282,24728,44.856,-2115,-176,24995,44.889,-936,278,24611,44.912
45.112,1879523240,1.31,-0.11,-47.98,-194,685,24757,44.977,603,760,24488,45.8,-617,-199,24884,45.56,-336,427,24722,45.89,-641,313,24757,45.112
45.312,1879523241,1.28,-0.18,-46.51,-215,721,24709,45.177,-138,141,25001,45.208,485,458,24761,45.256,-1040,501,24601,45.289,-1134,246,24887,45.312
45.512,1879523242,1.25,-0.24,-43.49,315,388,24712,45.377,-1106,239,24832,45.408,-506,113,24647,45.456,922,925,24793,45.489,443,995,24533,45.512
45.712,1879523243,1.22,-0.29,-40.81,45,544,24702,45.577,-860,-86,24699,45.608,-159,66,24488,45.656,-846,-117,24826,45.689,-405,399,24868,45.712
45.912,1879523244,1.19,-0.36,-34.97,-485,188,24718,45.777,107,297,24874,45.808,1002,917,24699,45.856,-672,427,24819,45.889,620,317,24663,45.912
46.112,1879523245,1.09,-0.22,-33.58,-2004,-368,24657,45.977,-1824,-780,24842,46.8,-76,199,24927,46.56,-280,235,24634,46.89,-315,164,24787,46.112
46.312,1879523246,1.03,-0.07,-31.90,-277,341,24826,46.177,-319,239,24761,46.208,-235,215,24962,46.256,-270,262,24660,46.289,-280,278,24806,46.312
46.512,1879523247,0.97,0.02,-31.37,-277,188,24826,46.377,-301,211,24858,46.408,-308,246,24465,46.456,-336,125,24946,46.489,-305,309,24686,46.512
46.712,1879523248,0.90,0.06,-32.85,-260,286,24884,46.577,-211,293,24910,46.608,1948,-1269,24891,46.656,-1643,1297,24842,46.689,-846,556,24917,46.712
46.912,1879523249,0.92,0.01,-30.26,201,223,24712,46.777,159,439,24917,46.808,-974,-3,24865,46.856,-131,227,24881,46.889,-364,211,24735,46.912
47.112,1879523250,0.92,0.04,-25.62,-159,329,24852,46.977,-960,246,24891,47.8,-513,23,24809,47.56,-124,-35,24767,47.89,-211,148,24686,47.112
47.312,1879523251,0.94,0.02,-23.08,-110,352,24881,47.177,-97,388,24556,47.208,-683,509,24475,47.256,232,380,24751,47.289,-104,148,24751,47.312
47.512,1879523252,0.93,0.04,-20.99,201,243,24670,47.377,-811,293,24553,47.408,-398,-66,24871,47.456,-1803,321,24868,47.489,-759,439,24783,47.512
47.712,1879523253,0.96,0.06,-17.07,-645,395,24764,47.576,-228,172,25005,47.608,-475,540,24748,47.656,-343,599,24884,47.689,-114,337,24871,47.712
47.912,1879523254,0.95,0.07,-15.54,1217,-662,24839,47.777,-860,-290,24715,47.808,-981,540,25083,47.856,-714,619,24946,47.889,34,521,24608,47.912
48.62,1879523255,0.96,0.08,-12.07,-1040,423,24917,47.982,-294,697,24686,48.2,218,925,24618,48.22,-273,1023,24956,48.42,-731,548,24998,48.62
48.256,1879523256,0.91,0.14,-11.44,-683,-317,24943,48.134,38,-164,24653,48.170,-173,-670,24699,48.192,-2486,717,24874,48.212,128,478,24800,48.256
48.456,1879523257,0.88,0.24,-9.90,-516,27,24835,48.304,-20,-678,24770,48.356,-395,372,24689,48.389,-325,-58,24907,48.412,-482,568,24943,48.456
48.656,1879523258,0.89,0.25,-7.43,-502,348,24702,48.504,-488,552,24728,48.556,-256,160,24796,48.589,-461,301,24855,48.612,-322,39,24813,48.656
48.856,1879523259,0.87,0.27,-5.27,-457,548,24861,48.704,-430,223,24884,48.756,-929,86,24621,48.789,-662,-7,24709,48.812,-454,552,24920,48.856
49.56,1879523260,0.89,0.25,-3.05,-364,117,24705,48.904,-502,239,24751,48.956,138,372,24855,48.989,-488,344,24741,49.12,-156,-82,24913,49.56
49.256,1879523261,0.91,0.22,0.79,-325,509,25138,49.104,-360,431,24822,49.156,-416,246,24676,49.189,-419,148,24819,49.212,-371,141,24767,49.256
49.456,1879523262,0.94,0.22,3.23,-551,219,24777,49.304,-398,160,24865,49.356,-825,129,24800,49.389,308,568,24670,49.412,485,611,24806,49.456
49.656,1879523263,0.98,0.20,6.43,-1876,-19,24800,49.504,-922,31,24992,49.556,-280,101,24956,49.589,-835,442,25128,49.612,-364,333,24848,49.656
49.842,1879523264,0.98,0.22,10.21,-540,3,24803,49.704,-225,278,24855,49.756,-166,364,24809,49.789,-589,262,24936,49.818,-634,611,24689,49.842
50.42,1879523265,0.98,0.02,13.87,-97,141,24751,49.904,-3,364,24777,49.956,-530,235,25105,49.989,-315,-7,25109,50.18,-305,66,25040,50.42
50.242,1879523266,0.95,-0.17,17.42,-752,97,24725,50.104,-697,-160,24806,50.156,-544,235,24767,50.189,-204,101,24725,50.218,-1241,160,24826,50.242
50.442,1879523267,0.98,-0.14,19.46,-478,391,24998,50.304,-416,462,24634,50.356,-218,117,24608,50.389,-516,250,25066,50.418,-502,348,24927,50.442
50.642,1879523268,0.99,-0.12,24.03,-176,-97,24868,50.504,-79,450,24813,50.556,-707,152,24738,50.589,-298,466,24816,50.618,-298,572,24751,50.642
50.842,1879523269,1.01,-0.10,25.29,-169,199,24832,50.704,-464,736,24614,50.756,-97,94,24741,50.789,461,246,24686,50.818,90,-3,24676,50.842
51.42,1879523270,0.99,-0.06,28.03,-801,227,24796,50.904,-943,286,24826,50.956,-305,470,24891,50.989,-1071,-23,24712,51.18,-801,105,24946,51.42
51.242,1879523271,0.94,0.04,27.70,-204,250,24907,51.104,-322,258,24744,51.156,-325,250,24800,51.189,-319,270,24751,51.218,-308,282,24891,51.242
51.442,1879523272,0.88,0.13,27.29,-412,211,24871,51.304,-544,293,24800,51.356,-419,152,24783,51.389,-360,227,24741,51.418,-395,239,24692,51.442
51.642,1879523273,0.82,0.21,27.45,-336,156,24829,51.504,-402,152,24800,51.556,-353,207,24822,51.589,-378,215,24897,51.618,-291,305,24777,51.642
51.842,1879523274,0.81,0.24,27.85,-332,278,24835,51.704,-138,458,24816,51.756,-142,823,24930,51.789,-263,-74,24868,51.818,-360,-290,24699,51.842
52.42,1879523275,0.84,0.14,30.81,617,109,24497,51.904,215,317,24741,51.956,-197,70,24598,51.989,-495,474,24803,52.18,-1345,803,24670,52.42
52.242,1879523276,0.91,0.13,31.89,596,223,24923,52.104,-367,125,24728,52.156,-447,192,24822,52.189,-388,603,24725,52.218,-183,489,24949,52.242
52.442,1879523277,0.97,0.12,33.53,-773,352,24949,52.304,-197,293,24660,52.356,-610,109,24829,52.389,-540,411,24647,52.418,-547,199,24819,52.442
52.642,1879523278,0.96,0.20,36.51,-353,341,24803,52.504,-582,129,24731,52.556,-72,-105,24621,52.594,-905,199,24543,52.622,-860,380,24679,52.642
52.822,1879523279,0.93,0.30,39.61,-929,462,25057,52.704,-319,188,24686,52.761,-391,137,24777,52.782,-735,192,24988,52.802,-651,270,25040,52.822
53.22,1879523280,0.94,0.31,39.74,-534,243,24842,52.885,-308,129,24666,52.918,-627,254,24767,52.966,-773,184,24679,52.998,-319,325,24692,53.22
53.222,1879523281,0.99,0.25,42.66,-45,348,24722,53.85,-1276,783,25235,53.118,-284,395,24848,53.166,-520,-3,24533,53.198,-627,172,24894,53.222
53.422,1879523282,1.03,0.22,45.25,-523,411,24741,53.285,-284,313,24764,53.318,-1151,293,24904,53.366,104,446,24770,53.398,353,595,24920,53.422
53.622,1879523283,1.07,0.18,46.08,-877,517,24731,53.485,-488,360,24884,53.518,-471,380,24787,53.566,-794,23,24900,53.598,-620,540,24975,53.622
53.822,1879523284,1.07,0.19,47.85,-866,101,24845,53.685,-488,286,25037,53.718,-388,321,25008,53.766,-90,372,25018,53.798,-201,666,24761,53.822
54.22,1879523285,1.11,0.16,47.48,69,172,24764,53.885,-225,666,24696,53.918,-350,834,24852,53.966,62,780,24777,53.998,-648,325,24894,54.22
54.222,1879523286,1.08,0.25,47.92,-645,-74,24728,54.85,-124,811,24764,54.118,-287,333,24530,54.166,-1772,-940,24676,54.198,-1529,266,24744,54.222
54.422,1879523287,1.00,0.39,48.38,-471,254,24953,54.285,-468,223,24712,54.318,-405,258,24787,54.366,-454,207,24835,54.398,-551,356,24829,54.422
54.622,1879523288,0.94,0.47,49.36,-610,266,24718,54.485,-492,258,24735,54.518,-509,246,24728,54.566,-506,352,24660,54.598,-516,266,24767,54.622
54.822,1879523289,0.89,0.54,43.87,-440,384,24806,54.685,-579,329,24897,54.718,-391,215,24800,54.766,-516,266,24637,54.798,-384,168,24770,54.822
54.973,1879523290,0.85,0.59,46.03,-513,282,24871,54.891,-478,301,24848,54.912,-516,168,24725,54.932,-395,246,24621,54.952,-547,305,24972,54.972
55.142,1879523291,0.85,0.58,48.00,-499,258,24881,55.18,-409,184,24800,55.66,1244,1383,24962,55.98,-579,-274,24868,55.122,-2333,-807,24858,55.142
55.302,1879523292,0.83,0.64,46.74,-58,97,24712,55.209,280,90,24520,55.242,-648,736,24917,55.262,-17,509,24897,55.282,-166,462,24930,55.302
55.442,1879523293,0.93,0.63,45.16,48,870,24735,55.361,-76,799,25089,55.382,-58,325,24975,55.402,-707,454,24819,55.422,-1359,199,24640,55.442
55.602,1879523294,1.01,0.63,43.76,169,819,24858,55.509,-360,329,24624,55.542,-1453,211,25164,55.562,-1283,192,24559,55.582,-1158,-62,24491,55.602
55.742,1879523295,1.01,0.74,46.21,-1085,-137,24683,55.661,-1286,90,24523,55.682,-586,395,25138,55.702,-287,521,24832,55.722,-575,407,24416,55.742
55.902,1879523296,1.11,0.61,46.86,-86,497,24829,55.809,-1113,462,24793,55.842,-648,195,24644,55.862,-322,411,24861,55.882,-197,439,24848,55.902
56.89,1879523297,1.13,0.60,39.71,-353,333,24887,55.961,-1019,411,24894,55.989,-780,419,24702,56.12,-499,376,24972,56.56,-1081,278,24806,56.89
56.289,1879523298,1.08,0.68,31.96,-249,321,24992,56.161,180,372,24679,56.189,-419,211,24663,56.212,-787,529,24439,56.256,-190,282,24559,56.289
56.489,1879523299,1.11,0.64,26.52,176,682,24718,56.361,-939,278,24927,56.389,-520,188,24881,56.412,-430,411,24793,56.456,-204,446,24540,56.489
56.689,1879523300,1.10,0.60,13.38,58,15,24780,56.561,-1012,195,24894,56.589,-1130,435,24975,56.612,-152,305,24686,56.656,-1421,54,24770,56.689
56.889,1879523301,1.13,0.53,-7.93,124,466,24260,56.770,-128,407,24429,56.792,-138,505,24592,56.812,-894,619,24468,56.856,-1144,172,24663,56.889
57.89,1879523302,1.11,0.57,-30.07,-447,250,24660,56.970,-558,356,24702,56.992,-6,450,24865,57.12,-83,435,24878,57.56,-1387,442,24585,57.89
57.289,1879523303,1.10,0.55,-30.41,-943,54,24920,57.170,-93,368,24488,57.192,-166,501,24686,57.212,41,290,24832,57.256,-325,607,24722,57.289
57.489,1879523304,1.11,0.50,-44.51,-62,376,24858,57.370,-960,82,24770,57.392,-1244,160,24556,57.412,-769,219,24533,57.456,-423,587,24686,57.489
57.689,1879523305,1.10,0.54,-52.63,-1054,-133,24842,57.570,-1213,78,24809,57.592,-676,344,24897,57.612,-540,576,24852,57.656,-1106,313,24910,57.689
57.889,1879523306,1.05,0.64,-46.59,-540,246,24679,57.770,-527,317,24933,57.792,-509,266,24865,57.812,-527,286,24826,57.856,-513,246,24663,57.889
58.89,1879523307,0.99,0.70,-51.06,-610,274,24637,57.970,-485,278,24722,57.992,-586,297,24627,58.12,-513,286,24858,58.56,-544,270,24748,58.89
58.289,1879523308,0.93,0.75,-54.66,-353,301,24809,58.170,-464,152,24735,58.192,-495,270,24744,58.212,-589,250,24676,58.256,-492,203,24728,58.289
58.489,1879523309,0.89,0.79,-56.25,-814,35,24988,58.370,-558,341,24858,58.392,-783,235,24686,58.412,-856,274,24497,58.456,-703,-235,24865,58.489
58.689,1879523310,0.78,0.90,-48.71,-249,748,24718,58.570,-683,619,24806,58.592,-821,517,24741,58.612,-863,141,24647,58.656,-1120,180,24881,58.689
58.889,1879523311,0.70,0.95,-45.80,65,521,24582,58.770,-104,454,24787,58.792,-801,356,24900,58.812,-475,619,25040,58.856,183,399,24871,58.889
59.89,1879523312,0.63,0.97,-32.38,187,517,24800,58.970,-322,254,24546,58.992,-866,203,24741,59.12,-752,-121,24751,59.56,-544,638,24757,59.89
59.289,1879523313,0.54,0.98,-5.44,-461,391,24855,59.170,-107,662,24478,59.192,197,717,24900,59.212,-735,145,24858,59.256,-194,658,24832,59.289
59.489,1879523314,0.48,0.94,11.70,547,987,24982,59.369,-346,305,24478,59.392,-638,454,24744,59.412,-631,352,24738,59.456,-953,23,24764,59.489
59.689,1879523315,0.37,0.99,24.37,-173,921,24673,59.570,-554,478,24754,59.592,-773,301,24689,59.612,-624,31,24992,59.656,-162,423,24761,59.689
59.889,1879523316,0.29,1.00,37.87,-464,466,24436,59.770,-1088,-11,24907,59.792,-1844,-348,24770,59.812,-364,258,24696,59.856,-183,493,24852,59.889
60.89,1879523317,0.20,0.98,39.27,-263,466,25008,59.970,-582,376,24634,59.992,-880,137,24803,60.12,-655,419,24774,60.56,-336,685,24826,60.89
60.289,1879523318,0.06,1.08,39.77,-506,286,24858,60.170,-107,376,25001,60.192,-353,364,24611,60.212,-419,646,24722,60.256,-1491,-317,24962,60.289
60.489,1879523319,-0.12,1.12,43.01,-1224,364,24923,60.370,-364,329,24819,60.392,-215,619,25037,60.412,-124,442,24588,60.456,-371,439,24621,60.489
60.689,1879523320,-0.22,0.99,44.83,-384,595,24855,60.570,-381,270,24527,60.592,-846,109,24871,60.612,-1355,-258,24575,60.656,-277,368,24913,60.689
60.889,1879523321,-0.33,0.94,43.20,-208,752,24774,60.770,-398,439,24744,60.792,-197,372,24819,60.812,-749,152,24692,60.856,-672,-94,24770,60.889
61.89,1879523322,-0.45,0.99,39.13,-3325,-846,24796,60.970,-2406,-748,25144,60.992,-201,564,24566,61.12,1199,1403,24832,61.56,1213,1179,24673,61.89
61.289,1879523323,-0.40,0.82,40.67,-1328,-23,25014,61.170,-502,333,25226,61.192,-273,529,24712,61.212,1629,-223,24826,61.256,-398,195,24777,61.289
61.489,1879523324,-0.30,0.78,40.65,-516,97,24816,61.370,-534,188,24819,61.392,-353,246,24731,61.412,-461,293,24813,61.456,-419,305,24803,61.489
61.689,1879523325,-0.20,0.80,39.00,-430,321,24683,61.570,-471,184,24822,61.592,-502,278,24767,61.612,-603,207,24826,61.656,-464,223,24709,61.689
61.889,1879523326,-0.10,0.82,40.30,-464,254,24913,61.770,-457,301,24777,61.792,-426,266,24826,61.812,-488,215,24803,61.856,-679,-58,24764,61.889
62.89,1879523327,-0.09,0.88,41.89,-183,709,24605,61.970,-343,1509,24793,61.992,305,2042,24637,62.12,-606,192,24754,62.56,-2018,337,24855,62.89
62.262,1879523328,-0.10,0.88,40.15,-291,250,24819,62.170,-378,470,24800,62.198,-721,278,24748,62.222,-1227,-297,24722,62.242,-835,-458,24689,62.262
62.442,1879523329,-0.22,0.84,36.36,-866,156,24796,62.334,-225,0,24761,62.370,-325,662,24728,62.398,-305,670,24699,62.422,-228,415,24852,62.442
62.642,1879523330,-0.23,0.69,34.08,-83,509,24702,62.504,-450,160,24917,62.556,-357,23,24907,62.589,-364,470,24796,62.618,-142,701,24621,62.642
62.842,1879523331,-0.24,0.63,32.03,-690,235,24546,62.704,-613,211,24787,62.756,-482,603,24585,62.789,117,250,24923,62.818,-100,-23,24933,62.842
63.42,1879523332,-0.29,0.61,30.49,-544,231,24845,62.904,-551,270,24894,62.956,-631,250,24579,62.989,-24,513,24644,63.18,-270,505,24816,63.42
63.242,1879523333,-0.36,0.63,27.36,-579,-3,24940,63.104,-492,290,24699,63.156,-482,282,24806,63.189,-31,395,24673,63.218,72,372,24787,63.242
63.442,1879523334,-0.38,0.59,25.25,-225,309,24767,63.304,-468,274,24787,63.356,-270,290,24670,63.389,138,266,24735,63.418,-13,305,24800,63.442
63.642,1879523335,-0.43,0.58,22.96,-488,152,24718,63.504,-1168,-109,24657,63.556,-901,-70,24764,63.589,-749,529,24894,63.618,-606,517,24780,63.642
63.842,1879523336,-0.48,0.60,19.36,-617,188,24660,63.704,-728,141,24728,63.756,-107,0,24764,63.789,58,584,25096,63.818,55,337,24605,63.842
64.42,1879523337,-0.48,0.60,15.36,-912,54,24660,63.904,-104,15,24796,63.956,169,928,24917,63.989,-322,607,24930,64.18,360,670,24725,64.42
64.242,1879523338,-0.39,0.59,13.85,-62,576,24676,64.104,-246,337,24705,64.156,208,450,24517,64.189,-267,290,24504,64.218,-749,19,24774,64.242
64.442,1879523339,-0.39,0.60,11.64,-804,-145,24722,64.304,-808,176,24761,64.356,173,321,24764,64.389,-745,78,24663,64.418,-624,168,24783,64.442
64.642,1879523340,-0.35,0.69,10.06,-315,-529,24910,64.504,31,552,25027,64.556,-17,987,24927,64.589,-353,129,24855,64.618,-516,391,24839,64.642
64.842,1879523341,-0.32,0.76,8.48,-537,121,24813,64.704,-690,246,24735,64.756,-686,-552,24728,64.789,-936,141,24930,64.818,-967,0,24927,64.842
65.22,1879523342,-0.37,0.77,6.45,-371,101,24900,64.904,-1345,764,24793,64.961,-398,584,24754,64.982,208,505,24861,65.2,846,1140,24754,65.22
65.222,1879523343,-0.25,0.70,4.38,-492,176,24696,65.85,-534,239,24738,65.118,-430,203,24761,65.166,-440,164,24813,65.198,-544,254,24754,65.222
65.422,1879523344,-0.15,0.74,5.21,-513,231,24809,65.285,-391,211,24748,65.318,-443,219,24884,65.366,-395,160,24816,65.398,-436,246,24848,65.422
65.622,1879523345,-0.08,0.77,3.68,-426,301,24705,65.485,-374,239,24601,65.518,-353,258,24806,65.566,-485,141,24725,65.598,-790,54,24774,65.622
65.822,1879523346,-0.11,0.91,3.38,-2111,513,24049,65.685,-1151,-239,24884,65.718,374,1003,24670,65.766,221,282,24569,65.798,-596,160,24796,65.822
66.22,1879523347,-0.13,0.89,0.71,287,486,24582,65.885,-620,168,24881,65.918,-724,478,25001,65.966,93,164,24979,65.998,447,125,24640,66.22
66.222,1879523348,-0.19,0.89,-0.08,-1182,337,24871,66.85,-1581,156,24813,66.118,-41,160,24920,66.166,-513,43,24722,66.198,-974,-15,24855,66.222
66.422,1879523349,-0.30,0.89,-5.36,-423,-439,24777,66.285,-638,1254,24813,66.318,-710,791,24878,66.366,246,-399,24917,66.398,731,-513,24712,66.422
66.622,1879523350,-0.34,0.79,-9.36,-305,948,24640,66.485,-686,870,24679,66.518,-201,-368,24868,66.566,-367,-148,24728,66.598,-1754,756,24988,66.622
66.822,1879523351,-0.38,0.68,-13.64,-749,-160,24504,66.685,145,-321,24640,66.718,308,219,24953,66.766,-658,631,24718,66.798,-495,301,24738,66.822
67.22,1879523352,-0.40,0.63,-15.73,-423,-3,24631,66.885,-284,31,25018,66.918,-544,47,24657,66.966,-461,207,24540,66.998,-703,290,24709,67.22
67.172,1879523353,-0.39,0.61,-19.35,-405,101,25070,67.91,-703,356,24631,67.112,-391,505,24822,67.132,-204,11,24871,67.152,-506,-74,24653,67.172
67.342,1879523354,-0.38,0.59,-20.60,-287,192,24644,67.218,-731,713,24757,67.266,-412,47,24653,67.298,298,344,24618,67.322,-253,-141,24605,67.342
67.522,1879523355,-0.38,0.51,-24.33,-69,274,24744,67.404,-76,682,24920,67.461,-100,580,24692,67.482,-499,-27,24842,67.502,-475,113,24913,67.522
67.672,1879523356,-0.39,0.54,-27.48,-703,427,24741,67.591,-686,493,24679,67.612,-672,372,24832,67.632,65,313,25258,67.653,-211,-82,24822,67.672
67.842,1879523357,-0.37,0.47,-29.64,27,141,24770,67.718,-520,250,24936,67.766,124,709,24826,67.798,-31,536,24975,67.822,169,536,24969,67.842
68.2,1879523358,-0.30,0.41,-33.09,-225,548,24536,67.909,-589,317,24738,67.942,-270,584,24979,67.962,-246,607,24744,67.982,-530,199,24933,68.2
68.142,1879523359,-0.27,0.41,-33.35,6,364,24943,68.61,-135,321,24992,68.82,-291,454,24855,68.102,-13,176,24933,68.122,301,642,24959,68.142
68.356,1879523360,-0.21,0.33,-36.48,544,572,24715,68.209,152,227,24696,68.256,-287,235,24927,68.289,-256,297,24871,68.312,-339,356,24579,68.356
68.512,1879523361,-0.12,0.35,-36.36,-319,356,24738,68.398,-329,419,24663,68.436,-371,262,24725,68.470,-284,239,24702,68.492,-294,274,24705,68.512
68.712,1879523362,-0.03,0.38,-36.27,-270,313,24569,68.576,-319,188,24790,68.608,-291,348,24624,68.656,-336,290,24689,68.689,-315,278,24744,68.712
68.912,1879523363,0.06,0.41,-35.95,-308,239,24790,68.776,-305,219,24611,68.808,-291,286,24897,68.856,-391,380,24764,68.889,-280,321,24774,68.912
69.112,1879523364,0.11,0.47,-35.22,-346,156,24910,68.976,-450,301,24826,69.8,-319,223,24741,69.56,-1328,-646,24692,69.89,-1036,-250,24832,69.112
69.312,1879523365,0.04,0.61,-37.79,-738,1246,24796,69.176,-717,497,24813,69.208,0,0,24699,69.256,-1564,466,24741,69.289,-1362,956,24640,69.312
69.512,1879523366,-0.02,0.59,-42.52,367,-47,24813,69.376,183,-203,24754,69.408,-1182,27,24458,69.456,1009,1501,24871,69.489,1029,862,24829,69.512
69.712,1879523367,-0.07,0.58,-47.97,-579,623,24868,69.576,-707,709,25005,69.608,58,219,24796,69.656,-156,203,24670,69.689,-728,360,24725,69.712
69.912,1879523368,-0.10,0.63,-48.56,-1140,693,24598,69.776,-10,599,24634,69.808,-461,-27,24780,69.856,367,384,24891,69.889,339,689,24647,69.912
70.112,1879523369,-0.09,0.58,-54.42,-221,780,24644,69.976,-471,391,24650,70.8,-568,356,24988,70.56,-717,764,24699,70.89,384,407,24858,70.112
70.312,1879523370,-0.11,0.56,-53.51,208,192,24819,70.176,-1449,211,24894,70.208,-672,878,24800,70.256,17,827,24982,70.289,-187,435,24514,70.312
70.512,1879523371,-0.12,0.58,-56.37,-641,548,24946,70.376,-1210,529,24868,70.408,121,697,24549,70.456,-336,356,24722,70.489,-218,219,25063,70.512
70.714,1879523372,-0.15,0.57,-50.69,-783,921,24927,70.576,1616,-78,24845,70.610,-277,313,24748,70.656,-842,380,24757,70.689,-194,709,24891,70.714
70.912,1879523373,-0.13,0.54,-50.59,-811,599,24946,70.776,-367,470,24962,70.808,-423,1023,25018,70.856,-17,619,24887,70.889,-863,-160,24650,70.912
71.112,1879523374,-0.25,0.72,-36.67,-537,184,24686,70.976,710,1105,24852,71.8,-905,125,24920,71.56,-752,301,24624,71.89,-346,-94,24871,71.112
71.312,1879523375,-0.34,0.86,-14.48,-374,442,24699,71.176,-887,-11,25655,71.208,-617,772,24660,71.256,-1061,548,24533,71.289,-260,1301,24995,71.312
71.512,1879523376,-0.20,0.59,4.66,1512,344,24380,71.376,145,-297,24631,71.408,-27,164,25154,71.456,-1470,152,24793,71.489,-1189,399,24631,71.512
71.712,1879523377,-0.17,0.57,16.77,-69,584,24491,71.576,72,521,24806,71.608,-197,631,24865,71.656,-183,889,24826,71.689,-284,595,24930,71.712
71.912,1879523378,-0.09,0.56,28.87,388,466,24741,71.776,-540,-78,24722,71.808,-710,188,24679,71.856,-530,301,24848,71.889,-804,231,24683,71.912
72.112,1879523379,-0.06,0.72,30.13,-263,411,25053,71.976,-423,235,24679,72.8,-579,368,24865,72.56,-423,388,24923,72.89,-530,372,24878,72.112
72.312,1879523380,0.03,0.78,28.50,-506,293,24751,72.176,-433,364,24848,72.208,-627,317,24676,72.256,-443,352,24848,72.289,-488,290,24611,72.312
72.462,1879523381,0.12,0.81,26.36,-322,529,24865,72.382,-627,321,24696,72.402,-617,239,24585,72.422,-277,450,24709,72.442,-384,439,24930,72.462
72.656,1879523382,0.14,0.91,30.00,-534,227,24787,72.534,-509,344,24787,72.570,-527,360,25076,72.592,-509,395,24735,72.612,-502,388,25073,72.656
72.856,1879523383,0.25,0.89,26.44,-523,215,25096,72.704,-617,274,24699,72.756,-485,427,24696,72.789,-537,270,24699,72.812,-426,305,24962,72.856
73.56,1879523384,0.31,0.92,25.75,-506,352,24676,72.904,-187,442,24816,72.956,-582,246,24852,72.989,-780,274,24449,73.12,-589,376,24858,73.56
73.256,1879523385,0.33,1.00,28.06,-547,391,24822,73.104,-572,380,24670,73.156,-426,486,24930,73.189,-1588,-172,23372,73.212,-756,250,24546,73.256
73.456,1879523386,0.36,1.05,35.77,-540,282,24848,73.304,-565,286,24650,73.356,-558,254,24878,73.389,-558,329,24881,73.412,-683,274,24705,73.456
73.656,1879523387,0.39,1.07,31.29,-617,356,24839,73.504,-613,274,24653,73.556,-565,356,24972,73.589,-620,223,24881,73.612,-537,341,25128,73.656
73.856,1879523388,0.42,1.10,30.16,-468,250,24904,73.704,-561,356,24793,73.756,-596,388,24813,73.789,-631,337,24881,73.812,-603,282,24644,73.856
74.56,1879523389,0.45,1.12,27.15,-586,333,24777,73.904,-676,133,24894,73.956,-582,431,24816,73.989,-627,450,24972,74.12,-641,270,24842,74.56
74.256,1879523390,0.48,1.13,32.46,-534,325,24819,74.104,-631,274,24868,74.156,-430,293,24933,74.189,-461,290,24081,74.212,-658,356,24868,74.256
74.442,1879523391,0.50,1.14,30.40,-891,-78,24501,74.304,613,666,26240,74.356,62,376,25268,74.389,-638,297,24754,74.418,-471,113,24751,74.442
74.642,1879523392,0.52,1.14,40.91,-540,368,25099,74.504,-759,254,24774,74.556,-530,239,24761,74.589,-554,368,24842,74.618,-586,399,24712,74.642
74.842,1879523393,0.54,1.15,31.05,-651,305,24748,74.704,-613,309,24913,74.756,-582,360,24725,74.789,-506,325,24644,74.818,-658,356,24884,74.842
75.42,1879523394,0.56,1.15,32.23,-537,399,24813,74.904,-516,356,24670,74.956,-561,341,24741,74.989,-651,293,24683,75.18,-717,435,24689,75.42
75.242,1879523395,0.56,1.17,29.86,-221,701,24748,75.104,-488,297,24816,75.156,-436,376,24992,75.189,-1005,584,24410,75.218,-658,352,24744,75.242
75.442,1879523396,2.21,0.06,26.51,-769,932,24527,75.304,1165,866,24663,75.356,426,344,24738,75.389,117,2198,25258,75.418,-582,2136,26003,75.442
75.670,1879523397,8.00,-2.17,20.62,814,3414,24260,75.504,1206,4029,24608,75.556,1165,4542,25151,75.589,1054,5483,24322,75.636,1127,6330,24036,75.670
75.842,1879523398,16.39,-2.88,14.08,1182,6518,23971,75.734,1026,8638,24254,75.770,787,9199,23649,75.798,1872,8039,23444,75.822,1494,8783,23587,75.842
76.42,1879523399,19.17,-3.04,9.06,2007,10026,23493,75.904,721,9838,23135,75.956,1470,10234,23018,75.989,1484,10837,22732,76.18,1671,10261,23203,76.42
76.242,1879523400,19.22,-2.91,21.36,1078,12092,23506,76.104,2618,14044,23369,76.156,1224,10136,23873,76.189,1095,10187,23249,76.218,1147,9132,23317,76.242
76.442,1879523401,19.09,-2.78,19.08,756,11484,23509,76.304,936,8380,23405,76.356,1987,9117,23356,76.389,1106,9352,23132,76.418,312,10049,23776,76.442
76.642,1879523402,16.81,-2.39,26.89,703,9446,23795,76.504,1459,9501,22976,76.556,735,11190,23255,76.589,946,9207,23600,76.618,1231,9015,23607,76.642
76.842,1879523403,16.65,-2.48,12.61,34,5906,24188,76.704,1244,4821,23405,76.756,1172,7027,23327,76.789,1338,9144,23301,76.818,790,9258,24826,76.842
77.42,1879523404,15.80,-2.77,22.80,-3093,-6479,26487,76.904,1806,8505,22664,76.956,2354,7384,24110,76.989,6755,7666,25463,77.18,-97,7996,24107,77.42
77.222,1879523405,10.81,-2.58,26.63,263,8043,23255,77.104,1026,4778,23899,77.161,534,3088,24084,77.182,1036,4531,24101,77.202,1005,6118,23857,77.222
77.422,1879523406,2.33,0.70,26.01,2233,-1222,25183,77.285,360,3508,25717,77.318,-104,348,24650,77.366,-2222,2712,25707,77.398,-780,329,25226,77.422
77.622,1879523407,1.28,0.82,27.88,-461,388,24891,77.485,69,446,23733,77.518,-887,168,25167,77.566,-426,278,24670,77.598,-360,360,24774,77.622
77.822,1879523408,1.26,0.73,30.95,-343,435,24874,77.685,-384,305,24757,77.718,-395,403,24741,77.766,-419,431,24839,77.798,-416,411,24861,77.822
78.22,1879523409,1.20,0.74,25.30,-277,419,24709,77.885,-398,388,24988,77.918,-263,325,24900,77.966,-388,407,24829,77.998,-475,360,24913,78.22
78.222,1879523410,1.13,0.75,32.82,-461,348,24650,78.85,-312,388,24702,78.118,-322,368,24709,78.166,-395,458,24777,78.198,-381,427,24683,78.222
78.422,1879523411,1.11,0.74,28.17,27,-58,24878,78.285,-162,82,24969,78.318,-367,137,25216,78.366,-76,956,24162,78.398,-433,521,25226,78.422
78.622,1879523412,1.09,0.73,19.01,-433,282,25118,78.485,-13,827,25076,78.518,-482,352,24679,78.566,-378,301,24559,78.598,-176,521,24767,78.622
78.822,1879523413,1.07,0.72,24.52,-461,454,24858,78.686,-319,309,24530,78.718,-128,517,25005,78.766,-329,364,24790,78.798,-443,431,24803,78.822
79.22,1879523414,1.05,0.73,31.72,-305,489,24696,78.885,-391,384,24764,78.918,-457,415,24761,78.966,-405,493,25001,78.998,-402,497,24780,79.22
79.222,1879523415,1.02,0.75,20.73,-353,462,24783,79.85,-388,489,24832,79.118,-391,458,24793,79.166,-378,572,24601,79.198,-388,384,24634,79.222
79.372,1879523416,0.96,0.78,27.75,-457,415,24878,79.291,-384,470,24754,79.312,-388,333,24601,79.332,-395,301,24702,79.352,-402,286,24611,79.372
79.542,1879523417,0.93,0.79,27.01,-322,627,24767,79.418,-436,337,24881,79.466,-495,282,24556,79.498,-357,297,24731,79.522,-353,399,24871,79.542
79.722,1879523418,0.91,0.80,26.96,-291,372,24640,79.604,-495,458,24605,79.661,-416,321,24979,79.682,-391,466,24774,79.702,-332,293,24757,79.722
79.872,1879523419,0.90,0.79,29.06,-367,372,24735,79.791,-409,356,24712,79.812,-353,333,24783,79.832,-378,403,24777,79.852,-371,521,24887,79.872
80.42,1879523420,0.90,0.78,19.53,-364,278,24868,79.918,-374,293,24702,79.966,-325,435,25001,79.998,-256,356,24751,80.22,-357,415,24806,80.42
80.202,1879523421,0.91,0.77,24.88,-367,536,24806,80.109,-426,470,24842,80.142,-357,478,24813,80.162,-291,482,25018,80.182,-319,380,24871,80.202
80.342,1879523422,0.91,0.76,25.70,-388,411,24891,80.261,-464,442,24605,80.282,-395,341,24923,80.302,-426,395,24835,80.322,-260,439,24787,80.342
80.512,1879523423,0.91,0.76,28.97,-506,399,24676,80.409,-364,317,24624,80.442,-242,462,24953,80.462,-301,423,24611,80.489,-554,325,24744,80.512
80.712,1879523424,0.89,0.77,29.47,-308,489,24959,80.576,-482,309,24764,80.608,-443,521,24709,80.656,-267,450,24826,80.689,-398,462,24790,80.712
80.912,1879523425,0.88,0.77,21.88,-391,395,24835,80.776,-374,454,24962,80.808,-346,313,24683,80.856,-357,493,24835,80.889,-294,395,24894,80.912
81.112,1879523426,0.88,0.77,25.30,-325,231,24803,80.975,-395,540,24800,81.8,-364,431,24940,81.56,-256,297,24897,81.89,-402,509,24683,81.112
81.312,1879523427,0.87,0.77,31.06,-280,329,24803,81.176,-468,486,24796,81.208,-384,435,24995,81.256,-433,442,24832,81.289,-395,435,24793,81.312
81.512,1879523428,0.87,0.77,26.48,-294,419,24878,81.376,-367,368,24835,81.408,-152,376,24796,81.456,-443,513,24796,81.489,-353,442,24842,81.512
81.712,1879523429,0.87,0.76,31.94,-346,466,24774,81.576,-416,474,24754,81.608,-433,415,24553,81.656,-325,364,24770,81.689,-367,356,24848,81.712
81.912,1879523430,0.87,0.76,18.55,-332,458,24764,81.776,-391,309,24917,81.808,-301,352,24670,81.856,-305,419,24874,81.889,-395,368,24816,81.912
82.112,1879523431,0.87,0.77,26.12,-395,458,24803,81.976,-430,368,24761,82.8,-398,407,24715,82.56,-443,493,24644,82.89,-187,364,24761,82.112
82.312,1879523432,0.86,0.77,25.26,-464,501,24631,82.176,-423,290,24712,82.208,-322,431,24744,82.256,-364,321,24670,82.289,-450,446,24878,82.312
82.512,1879523433,0.86,0.77,33.48,-381,352,24761,82.376,-454,356,24796,82.408,-426,466,24835,82.456,-322,458,24894,82.489,-308,399,24813,82.512
82.712,1879523434,0.86,0.77,23.22,-312,427,24881,82.576,-280,427,24718,82.608,-367,505,24761,82.656,-475,290,24416,82.689,-419,372,24832,82.712
82.912,1879523435,0.85,0.77,26.50,-280,427,24868,82.776,-384,458,24796,82.808,-367,442,24790,82.856,-357,587,24536,82.889,-398,501,24653,82.912
83.112,1879523436,0.86,0.77,25.88,-457,466,24770,82.976,-280,454,24689,83.8,-353,368,24670,83.56,-346,407,24822,83.89,-391,395,24673,83.112
83.312,1879523437,0.85,0.77,23.85,-381,380,24936,83.176,-315,427,24822,83.208,-298,399,24696,83.256,-298,297,24738,83.289,-433,286,24666,83.312
83.512,1879523438,0.85,0.77,23.78,-343,407,24767,83.376,-336,450,24735,83.408,-464,407,24848,83.456,-433,297,24741,83.489,-346,407,24861,83.512
83.712,1879523439,0.85,0.78,24.14,-315,497,24966,83.576,-485,368,24592,83.608,-402,368,24878,83.656,-336,415,24280,83.689,-443,325,24455,83.712
83.912,1879523440,0.84,0.78,23.08,-218,572,24832,83.776,-329,348,24543,83.808,-388,450,24871,83.856,-353,435,24839,83.889,-412,301,24712,83.912
84.112,1879523441,0.84,0.78,27.80,-492,540,24969,83.976,-360,544,24803,84.8,-353,293,24673,84.56,-398,372,24777,84.89,-221,564,25014,84.112
84.312,1879523442,0.83,0.78,25.46,-378,380,24692,84.176,-423,325,24657,84.208,-319,478,24907,84.256,-353,439,24774,84.289,-450,388,24673,84.312
84.512,1879523443,0.83,0.79,22.96,-440,360,25014,84.376,-343,435,24855,84.408,-353,337,24790,84.456,-339,395,24829,84.489,-398,360,24822,84.512
84.712,1879523444,0.81,0.80,17.01,-499,395,24660,84.576,-378,395,24855,84.608,-367,435,24829,84.656,-430,141,24780,84.689,-478,227,24705,84.712
84.912,1879523445,0.79,0.82,28.61,-273,399,24884,84.776,-433,341,24689,84.808,1494,1477,24865,84.856,-464,427,24715,84.889,-239,395,24774,84.912
85.62,1879523446,0.74,0.85,25.07,-478,231,24605,84.982,-305,384,24927,85.2,-433,407,24741,85.22,-558,301,24657,85.42,-419,258,24874,85.62
85.256,1879523447,0.74,0.86,17.90,-378,329,24982,85.134,-357,407,24673,85.170,-374,239,24666,85.192,-443,313,24735,85.212,-339,395,24887,85.256
85.456,1879523448,0.74,0.86,30.73,-412,391,24923,85.304,-325,458,24816,85.356,-430,309,24816,85.389,-398,372,24822,85.412,-485,337,24718,85.456
85.656,1879523449,0.69,0.95,25.49,-353,388,24770,85.504,-697,258,24380,85.556,-586,239,24588,85.589,-735,172,24127,85.612,2493,2100,25037,85.656
85.856,1879523450,0.67,1.04,25.29,-627,-497,24663,85.704,-76,544,25226,85.756,-319,368,24865,85.789,-710,74,24699,85.812,-1324,-117,24520,85.856
86.56,1879523451,0.71,1.11,19.78,478,-509,24774,85.904,-717,219,25645,85.956,-1019,27,24855,85.989,-10,940,25063,86.12,31,388,24741,86.56
86.256,1879523452,0.77,1.09,24.69,-575,305,24865,86.104,-516,548,24982,86.156,-634,431,24712,86.189,-1047,-19,24081,86.212,228,674,24982,86.256
86.456,1879523453,0.81,0.84,23.38,-866,-5119,24822,86.304,-520,348,24653,86.356,1796,-50,25733,86.389,-1713,1975,25281,86.412,-1088,-31,24250,86.456
86.656,1879523454,0.92,0.64,28.53,1362,928,29933,86.504,-551,2688,30447,86.556,-2469,4127,25070,86.589,457,-827,24972,86.612,808,952,24900,86.656
86.842,1879523455,0.94,0.62,31.12,-804,721,24572,86.704,58,486,24761,86.756,-100,466,24835,86.789,-672,540,24757,86.818,-599,380,24423,86.842
87.42,1879523456,0.98,0.58,26.78,-97,682,25047,86.904,-464,501,24754,86.956,-242,525,24858,86.989,-138,486,24832,87.18,-201,529,24699,87.42
87.242,1879523457,0.97,0.61,24.76,-322,388,24686,87.104,-183,580,24946,87.156,-537,548,24660,87.189,-135,458,24988,87.218,-97,540,24702,87.242
87.442,1879523458,0.98,0.59,19.79,-482,599,24611,87.304,-367,560,24744,87.356,-97,580,24816,87.389,-287,662,24709,87.418,-436,580,24725,87.442
87.642,1879523459,0.97,0.63,32.80,-183,568,24744,87.504,-350,521,24884,87.556,-502,638,24718,87.589,-239,634,25131,87.618,-364,427,24598,87.642
87.842,1879523460,0.99,0.60,26.93,-672,474,24595,87.704,-336,560,25079,87.756,-249,646,25031,87.789,-360,603,24816,87.818,-402,458,24608,87.842
88.42,1879523461,1.01,0.58,26.60,-218,372,24679,87.904,-482,442,24666,87.956,-239,556,24933,87.989,-547,207,24588,88.18,-107,654,24696,88.42
88.242,1879523462,0.83,0.86,24.35,-270,689,24855,88.104,-606,682,24358,88.156,93,-1912,25336,88.189,-814,619,24322,88.218,-287,568,25053,88.242
88.442,1879523463,1.44,0.47,29.40,-273,395,24484,88.304,-76,740,24780,88.356,-72,462,24923,88.389,-246,1505,24676,88.418,-17,819,24800,88.442
88.642,1879523464,0.86,0.81,25.04,-329,-31,25216,88.504,-211,552,24819,88.556,-457,278,24891,88.589,-974,1038,24598,88.618,-776,160,24377,88.642
88.842,1879523465,0.91,0.74,27.24,-530,419,24689,88.704,-187,607,24790,88.756,-246,580,24822,88.789,-509,407,24692,88.818,-273,380,24897,88.842
89.43,1879523466,0.92,0.72,26.28,-402,403,24790,88.904,-471,297,24595,88.956,-388,407,24683,88.989,-395,505,24709,89.18,-388,86,25528,89.43
89.242,1879523467,0.93,0.71,22.91,-339,313,24852,89.104,-305,666,24995,89.156,-364,450,24468,89.189,-242,356,24910,89.218,-273,513,24845,89.242
89.442,1879523468,0.95,0.69,27.96,-371,517,25001,89.304,-346,501,24803,89.356,-381,497,24816,89.394,-416,497,24670,89.422,-298,548,24949,89.442
89.622,1879523469,0.98,0.65,26.90,-235,493,24829,89.504,-360,580,24728,89.561,-312,560,24777,89.582,-273,513,24829,89.602,-298,603,24780,89.622
89.822,1879523470,0.99,0.62,24.75,-357,458,24670,89.685,-239,552,24709,89.718,-273,540,24728,89.766,-332,466,24787,89.798,-190,591,24865,89.822
90.22,1879523471,0.96,0.68,25.29,-17,615,24829,89.885,-353,407,24845,89.918,412,874,25317,89.966,-246,564,24946,89.998,-287,529,24767,90.22
90.222,1879523472,0.94,0.73,18.22,495,776,25512,90.85,-371,489,24796,90.118,-197,584,24813,90.166,-1373,235,23772,90.198,-482,39,24540,90.222
90.422,1879523473,0.80,0.93,22.86,-301,372,24865,90.285,-332,462,24679,90.318,-384,407,24800,90.366,-950,66,23610,90.398,-1036,462,24159,90.422
90.622,1879523474,0.89,0.78,28.67,-325,450,24761,90.485,-475,258,24992,90.518,-325,482,24582,90.566,-367,521,24718,90.598,-162,403,24972,90.622
90.822,1879523475,0.84,0.94,27.47,45,-1454,24549,90.685,45,1681,25495,90.718,-332,-274,24757,90.766,-443,489,24692,90.798,-537,638,24943,90.822
91.22,1879523476,0.85,0.98,26.89,-565,227,24728,90.885,-319,548,24748,90.918,-447,3292,25417,90.966,-52,-195,25265,90.998,-513,286,24696,91.22
91.222,1879523477,0.89,0.84,26.11,-339,689,24936,91.85,-277,384,24917,91.118,-873,-82,24127,91.166,-246,595,25135,91.198,-943,262,24455,91.222
91.422,1879523478,0.86,0.86,21.62,-221,560,24715,91.285,-520,458,24767,91.318,-509,411,24718,91.366,-461,482,24806,91.398,-430,462,24829,91.422
91.622,1879523479,0.85,0.86,25.11,-534,329,24913,91.485,-378,403,24696,91.518,-291,446,24777,91.566,-558,474,24553,91.598,-506,411,24722,91.622
91.772,1879523480,0.85,0.86,27.82,-488,356,24988,91.691,-350,411,24689,91.712,-332,482,24816,91.732,-391,470,24640,91.752,-301,423,24605,91.772
91.942,1879523481,0.84,0.86,26.14,-509,489,24826,91.818,-499,462,24777,91.866,-433,270,24741,91.898,-412,364,24852,91.922,-371,497,24673,91.942
92.122,1879523482,0.85,0.85,17.43,-423,368,24634,92.4,-260,748,24722,92.61,-312,407,24777,92.82,-534,282,24774,92.102,-301,548,24936,92.122
92.272,1879523483,0.88,0.83,22.36,-433,423,24764,92.191,-419,584,24679,92.212,-464,599,24904,92.232,-364,478,24878,92.252,-204,388,24845,92.272
92.442,1879523484,0.90,0.81,33.05,-530,329,24855,92.318,-291,682,25138,92.366,-433,576,24722,92.398,-371,435,24735,92.422,-315,348,24865,92.442
92.602,1879523485,0.91,0.80,30.22,-384,380,25001,92.509,-305,517,24796,92.542,-194,501,24787,92.562,-471,584,24835,92.582,-433,356,24796,92.602
92.756,1879523486,0.91,0.80,27.89,-423,486,24800,92.661,-371,395,24718,92.682,-391,544,24829,92.702,-384,517,24699,92.722,-482,407,24744,92.756
92.912,1879523487,0.91,0.80,24.19,-235,435,24761,92.798,-447,399,24761,92.836,-405,482,24637,92.870,-558,399,24588,92.892,-423,435,24806,92.912
93.112,1879523488,0.90,0.80,19.47,-475,505,24640,92.976,-475,486,24783,93.8,-378,486,24598,93.56,-513,505,24757,93.89,-325,536,24741,93.112
93.312,1879523489,0.89,0.81,26.23,-371,509,24953,93.176,-357,462,24754,93.208,-412,368,24774,93.256,-332,536,24770,93.289,-325,470,24777,93.312
93.512,1879523490,0.89,0.82,24.71,-353,407,24676,93.376,-270,439,24806,93.408,-308,576,24689,93.456,-447,478,24689,93.489,-499,391,24835,93.512
93.712,1879523491,0.89,0.81,22.58,-391,384,24679,93.576,-388,391,24741,93.608,-346,442,24592,93.656,-409,384,24907,93.689,-443,333,24293,93.712
93.912,1879523492,0.91,0.79,20.87,-253,576,24907,93.776,-436,431,24510,93.808,-471,348,24894,93.856,-308,556,24962,93.889,-384,525,24813,93.912
94.112,1879523493,0.91,0.80,23.36,-475,423,24725,93.976,-405,580,24842,94.8,-346,458,24796,94.56,-530,474,24744,94.89,-405,403,24800,94.112
94.312,1879523494,0.91,0.80,28.18,-291,505,24725,94.176,-433,337,24494,94.208,-391,564,24764,94.256,-298,505,24959,94.289,-322,482,24822,94.312
94.512,1879523495,0.90,0.81,25.58,-433,337,24748,94.376,-218,517,24718,94.409,-343,454,24852,94.456,-495,305,24927,94.489,-381,470,24627,94.512
94.712,1879523496,0.90,0.81,24.49,-461,466,24930,94.576,-478,333,24452,94.608,-298,505,24832,94.656,-284,568,24907,94.689,-468,474,24917,94.712
94.912,1879523497,0.90,0.81,26.33,-357,493,24920,94.776,-475,591,24722,94.808,-384,388,24653,94.856,-353,423,24676,94.889,-312,525,24806,94.912
95.112,1879523498,0.90,0.81,23.75,-478,533,24858,94.976,-464,599,24809,95.8,-409,521,24712,95.56,-346,419,24884,95.89,-298,454,24731,95.112
95.312,1879523499,0.90,0.81,24.37,-402,391,24774,95.176,-433,466,24718,95.208,-371,482,24829,95.256,-506,391,24702,95.289,-284,529,24660,95.312
95.512,1879523500,0.91,0.81,30.88,-256,466,24735,95.376,-440,439,24725,95.408,-495,427,24731,95.456,-235,529,24787,95.489,-246,533,24835,95.512
95.712,1879523501,0.90,0.81,27.50,-402,466,24741,95.576,-360,466,24936,95.608,-364,364,24780,95.656,-488,403,24562,95.689,-530,435,24988,95.712
95.912,1879523502,0.91,0.81,25.58,-156,638,24943,95.776,-561,293,24523,95.808,-371,450,24884,95.856,-183,674,24962,95.889,-329,305,24673,95.912
96.112,1879523503,0.91,0.80,29.63,-336,591,24725,95.976,-381,603,25001,96.8,-433,258,24562,96.56,-485,407,24813,96.89,-277,431,24874,96.112
96.312,1879523504,0.92,0.80,25.53,-502,341,24689,96.176,-436,540,24787,96.208,-336,556,24940,96.256,-430,497,24761,96.289,-433,368,24553,96.312
96.512,1879523505,0.92,0.80,31.80,-298,615,24829,96.376,-405,501,24819,96.408,-450,423,24777,96.456,-419,415,24897,96.489,-273,399,24692,96.512
96.712,1879523506,0.92,0.79,26.91,-475,395,24605,96.576,-378,529,24923,96.608,-412,376,24933,96.656,-409,756,24624,96.689,-315,509,24904,96.712
96.912,1879523507,0.92,0.79,26.80,-353,439,24822,96.776,-478,439,24540,96.808,-364,521,24956,96.856,-353,446,24800,96.889,-554,478,24699,96.912
97.112,1879523508,0.92,0.79,20.73,-381,442,24718,96.976,-371,423,24767,97.8,-492,439,24796,97.56,-371,489,24858,97.89,-319,435,24868,97.112
97.312,1879523509,0.92,0.79,29.88,-457,446,24663,97.175,-402,572,24881,97.208,-249,458,24796,97.256,-461,478,24670,97.289,-572,419,24579,97.312
97.462,1879523510,0.92,0.79,23.26,-312,305,24536,97.382,-374,407,24751,97.402,-339,540,24897,97.422,-426,689,24718,97.442,-298,631,24920,97.462
97.656,1879523511,0.92,0.79,23.85,-388,395,24478,97.534,-471,674,24839,97.570,-357,587,24793,97.592,-499,423,24927,97.612,-443,611,24816,97.656
97.856,1879523512,0.91,0.79,32.25,-430,509,24982,97.704,-409,243,24861,97.756,-506,505,24793,97.789,-416,399,24644,97.812,-558,423,24634,97.856
98.56,1879523513,0.91,0.80,23.13,-329,380,24894,97.904,-416,564,24787,97.956,-426,439,24728,97.989,-346,439,24767,98.12,-371,521,24819,98.56
98.256,1879523514,0.91,0.80,19.53,-329,501,24588,98.104,-388,489,24826,98.156,-350,478,24702,98.189,-378,391,24845,98.212,-322,450,24718,98.256
98.456,1879523515,0.92,0.80,29.27,-371,646,24806,98.304,-440,376,25001,98.356,-315,533,24660,98.389,-350,423,24666,98.412,-409,388,24923,98.456
98.656,1879523516,0.91,0.80,23.29,-312,454,24972,98.506,-353,427,24910,98.556,-378,427,24647,98.589,-374,599,24887,98.612,-450,670,24770,98.656
98.856,1879523517,0.91,0.80,22.18,-440,372,24718,98.704,-322,380,24959,98.756,-360,439,24800,98.789,-412,427,24621,98.812,-409,442,24634,98.856
99.42,1879523518,0.91,0.80,26.31,-350,482,24751,98.904,-499,470,24738,98.956,-388,360,24663,98.989,-312,497,24858,99.18,-312,505,24715,99.42
99.242,1879523519,0.92,0.80,22.66,-367,462,24757,99.104,-312,493,24803,99.156,-409,540,24601,99.189,-273,603,24692,99.218,-312,380,24572,99.242
99.442,1879523520,0.92,0.79,27.89,-325,372,24699,99.304,-430,548,24725,99.356,-384,587,24780,99.389,-495,442,24787,99.418,-454,513,24621,99.442
99.642,1879523521,0.92,0.79,29.97,-388,407,24741,99.504,-384,580,24917,99.556,-322,384,24686,99.589,-353,529,24767,99.618,-364,446,24946,99.642
99.842,1879523522,0.92,0.80,23.22,-336,521,24676,99.704,-339,439,24881,99.756,-430,599,24819,99.789,-436,348,24689,99.818,-405,423,24871,99.842
100.42,1879523523,0.91,0.81,25.15,-357,603,24822,99.904,-360,442,24679,99.956,-364,403,24754,99.989,-346,474,24748,100.18,-475,384,24839,100.42
100.242,1879523524,0.92,0.81,26.08,-357,501,24806,100.104,-381,489,24855,100.156,-426,560,24777,100.189,-412,446,24793,100.218,-329,466,24780,100.242
100.442,1879523525,0.92,0.82,23.38,-388,474,24722,100.304,-381,360,24852,100.356,-388,360,24757,100.389,-568,654,24904,100.418,-346,431,24871,100.442
100.642,1879523526,0.91,0.82,27.88,-381,439,24852,100.504,-423,591,24842,100.556,-350,501,24715,100.589,-391,407,24868,100.618,-371,364,24826,100.642
100.842,1879523527,0.91,0.82,27.32,-322,497,24839,100.704,-371,403,24715,100.756,-211,439,24874,100.789,-315,431,24741,100.818,-433,517,24757,100.842
101.42,1879523528,0.90,0.83,29.59,-350,391,24969,100.904,-322,587,24787,100.956,-339,364,24666,100.989,-447,517,24679,101.18,-398,501,24826,101.42
101.242,1879523529,0.90,0.83,25.01,-378,399,24816,101.104,-502,493,24949,101.156,-471,427,24826,101.189,-343,446,24842,101.218,-499,462,24800,101.242
101.442,1879523530,0.89,0.84,20.53,-488,580,24627,101.304,-499,419,24575,101.356,-346,568,24718,101.389,-457,364,24699,101.418,-523,395,24608,101.442
101.642,1879523531,0.91,0.84,16.69,-228,619,25092,101.504,-443,395,24816,101.556,-488,356,24718,101.589,-228,670,24709,101.618,-273,576,24868,101.642
101.822,1879523532,0.91,0.83,26.21,-436,462,24621,101.704,-232,631,24663,101.761,-398,474,24800,101.782,-426,372,24842,101.802,-423,462,24738,101.822
102.22,1879523533,0.91,0.84,25.56,-353,631,24946,101.885,-520,454,24653,101.918,-430,439,24816,101.966,-374,415,24858,101.998,-395,446,24692,102.22
102.222,1879523534,0.91,0.84,25.94,-381,415,24676,102.85,-391,450,24845,102.118,-395,419,24676,102.166,-416,556,24790,102.198,-419,482,24845,102.222
102.422,1879523535,0.90,0.85,26.25,-419,439,24806,102.285,-416,348,24757,102.318,-346,627,24907,102.366,-454,521,24907,102.398,-426,564,24770,102.422
102.622,1879523536,0.90,0.86,23.60,-378,513,24832,102.485,-381,568,24741,102.518,-440,446,24764,102.566,-364,442,24546,102.598,-374,435,24927,102.622
102.822,1879523537,0.90,0.85,23.48,-443,462,24774,102.685,-402,399,24692,102.718,-423,450,25115,102.766,-350,427,24793,102.798,-346,384,24816,102.822
103.22,1879523538,0.90,0.85,25.08,-378,442,24738,102.885,-367,454,24865,102.918,-457,454,24712,102.966,-419,388,24839,102.999,-402,446,24640,103.22
103.222,1879523539,0.90,0.85,22.71,-329,489,24764,103.85,-308,380,24754,103.118,-343,427,24852,103.166,-495,478,24793,103.198,-464,466,24861,103.222
103.422,1879523540,0.89,0.84,21.46,-346,333,24653,103.285,-568,337,24527,103.320,-253,572,24910,103.366,-436,395,24696,103.398,-464,305,24582,103.422
103.622,1879523541,0.90,0.84,24.50,-357,619,24829,103.485,-305,478,24722,103.518,-357,474,24754,103.566,-312,493,24842,103.598,-322,501,24608,103.622
103.822,1879523542,0.89,0.84,27.20,-450,415,24783,103.685,-298,529,24770,103.718,-388,513,24553,103.766,-464,450,24676,103.798,-419,505,25001,103.822
103.972,1879523543,0.90,0.84,23.35,-371,388,24852,103.891,-364,509,24595,103.912,-461,552,24800,103.932,-433,599,24904,103.952,-381,552,24940,103.972
104.143,1879523544,0.90,0.84,25.65,-409,419,24647,104.18,-357,540,24722,104.66,-343,478,24842,104.98,-325,423,24663,104.122,-471,493,24592,104.143
104.322,1879523545,0.89,0.86,28.95,-405,587,24787,104.204,-475,431,24660,104.261,-378,246,24702,104.282,-322,454,24592,104.302,-436,431,24871,104.322
104.472,1879523546,0.89,0.85,28.57,-322,482,24748,104.391,-315,454,24735,104.412,-423,427,24634,104.432,-322,489,24813,104.452,-353,478,24887,104.472
104.642,1879523547,0.90,0.85,26.99,-391,435,24647,104.518,-381,521,24715,104.566,-457,399,24848,104.598,-482,364,24621,104.622,-398,384,24848,104.642
104.802,1879523548,0.90,0.85,29.55,-325,337,24709,104.710,-502,521,24741,104.742,-395,540,24920,104.762,-433,435,24618,104.783,-464,584,24822,104.802
104.942,1879523549,0.90,0.85,27.41,-430,380,24738,104.861,-506,301,24588,104.882,-315,395,24868,104.902,-426,435,24793,104.922,-308,501,24800,104.942
105.156,1879523550,0.90,0.85,26.34,-516,352,24471,105.9,-332,529,24871,105.56,-426,380,24627,105.89,-475,419,24657,105.112,-436,439,24874,105.156
105.312,1879523551,0.89,0.85,29.42,-332,478,24816,105.198,-378,423,24601,105.236,-357,497,24842,105.269,-319,568,24842,105.292,-412,505,24725,105.312
105.512,1879523552,0.90,0.84,24.42,-426,462,24829,105.376,-357,489,24780,105.408,-416,517,24832,105.456,-360,427,24826,105.489,-433,446,24754,105.512
105.712,1879523553,0.90,0.84,24.85,-395,548,24767,105.575,-378,423,24803,105.614,-360,564,24979,105.656,-506,493,24764,105.689,-423,552,24738,105.712
105.912,1879523554,0.89,0.85,31.79,-294,521,24790,105.777,-325,450,24692,105.808,-482,454,24660,105.857,-367,384,24722,105.889,-364,525,24868,105.912
106.112,1879523555,0.90,0.85,22.76,-443,415,24709,105.976,-249,352,24702,106.8,-409,505,24800,106.56,-419,505,24848,106.89,-482,478,24738,106.112
106.312,1879523556,0.90,0.85,23.20,-308,611,24845,106.176,-478,486,24897,106.208,-409,517,24754,106.256,-353,505,24936,106.289,-357,470,24735,106.312
106.512,1879523557,0.90,0.85,22.31,-471,587,24796,106.376,-412,509,24764,106.408,-593,540,24813,106.456,-308,580,24940,106.489,-471,333,24858,106.512
106.712,1879523558,0.90,0.85,23.82,-509,482,24725,106.576,-436,540,24702,106.608,-423,423,24650,106.656,-447,513,24731,106.689,-502,478,24660,106.712
106.912,1879523559,0.89,0.85,22.02,-346,482,24839,106.776,-471,482,24770,106.808,-423,521,24689,106.856,-325,329,24819,106.889,-329,313,24689,106.912
107.112,1879523560,0.89,0.86,24.27,-482,415,24787,106.976,-357,364,24718,107.8,-409,454,24670,107.56,-468,556,24757,107.89,-436,529,24897,107.112
107.312,1879523561,0.90,0.86,25.83,-364,466,24663,107.176,-419,470,24874,107.208,-402,368,24839,107.256,-301,580,24829,107.289,-433,517,24692,107.312
107.512,1879523562,0.91,0.85,26.85,-332,446,24644,107.376,-378,493,24510,107.408,-499,650,24497,107.456,-315,219,24731,107.489,-534,152,24657,107.512
107.712,1879523563,0.91,0.85,28.09,-187,560,25073,107.576,-367,650,24845,107.608,-544,258,24601,107.656,-461,721,24943,107.689,-270,678,24868,107.712
107.912,1879523564,0.91,0.85,23.28,-589,297,24699,107.776,-312,544,24848,107.808,-384,435,24761,107.856,-530,391,24676,107.889,-367,536,24686,107.912
108.112,1879523565,0.91,0.85,30.80,-305,344,24845,107.976,-440,439,24705,108.8,-294,435,24796,108.56,-301,368,24800,108.89,-412,442,24770,108.112
108.312,1879523566,0.91,0.85,28.92,-336,529,24900,108.176,-353,450,24504,108.208,-381,533,24751,108.256,-343,556,24904,108.289,-416,403,24666,108.312
108.512,1879523567,0.86,0.89,25.56,-450,591,24959,108.376,-350,529,24806,108.408,-395,419,24676,108.456,-423,337,24874,108.489,-336,521,24816,108.512
108.712,1879523568,0.82,0.91,29.66,-454,341,24722,108.577,-482,391,24839,108.608,-464,556,24936,108.656,-482,474,24770,108.689,-381,309,24819,108.712
108.912,1879523569,0.81,0.92,15.03,-405,439,24813,108.776,-447,243,24699,108.808,-443,348,24627,108.856,-426,540,24871,108.889,-402,533,24540,108.912
109.112,1879523570,0.81,0.92,24.71,-409,395,24868,108.976,-357,458,24774,109.8,-384,450,24725,109.56,-502,482,24533,109.89,-384,360,24917,109.112
109.312,1879523571,0.82,0.91,25.01,-461,501,24900,109.176,-464,391,24683,109.208,-384,333,24835,109.256,-319,631,24962,109.289,-485,662,24689,109.312
109.512,1879523572,0.79,0.99,31.76,-357,419,24689,109.376,-364,619,24816,109.408,-371,548,24894,109.456,384,705,25639,109.489,-1435,-560,22504,109.512
109.662,1879523573,0.65,1.24,28.89,-1609,-156,24299,109.582,1342,544,25583,109.602,273,2183,23506,109.622,395,-348,24757,109.642,0,-258,24930,109.662
109.856,1879523574,0.68,1.20,24.54,-3721,827,26233,109.734,-468,462,24777,109.770,-176,552,24670,109.792,-371,595,24787,109.812,-1088,439,24731,109.856
110.56,1879523575,0.69,1.23,26.23,-1199,1148,24900,109.904,-527,293,24793,109.956,-419,415,25128,109.989,-378,384,24900,110.12,-606,282,24696,110.56
110.256,1879523576,0.64,1.18,23.79,-599,525,24822,110.104,-700,152,24712,110.156,-880,697,24663,110.189,-367,364,25073,110.212,-658,301,24803,110.256
110.456,1879523577,0.65,1.18,24.77,-717,333,24946,110.304,-520,419,24806,110.356,-419,415,24904,110.389,-572,435,24705,110.412,-523,439,24787,110.456
110.700,1879523578,0.64,1.18,16.41,-745,180,24592,110.504,-1057,874,24868,110.556,-457,333,24800,110.589,-762,450,24527,110.656,-561,282,24969,110.700
110.889,1879523579,0.65,1.17,18.17,-551,309,24793,110.756,-579,282,24761,110.789,-287,446,25102,110.812,-162,-325,25135,110.856,-544,678,24956,110.889
111.89,1879523580,0.67,1.21,26.62,-586,368,24878,110.970,-606,325,24764,110.992,-627,325,24744,111.12,-731,-27,24731,111.56,-721,1430,24806,111.89
111.262,1879523581,0.66,1.21,25.96,-679,180,24650,111.170,-280,-176,24826,111.198,-447,54,24793,111.222,-679,1273,24845,111.242,-1272,1297,24848,111.262
111.442,1879523582,0.66,1.21,23.07,450,795,24673,111.308,-17,-1689,24013,111.356,-683,1238,24848,111.389,-561,760,24826,111.418,-1290,1779,24332,111.442
111.642,1879523583,0.74,1.27,16.15,-3,2716,24894,111.504,-586,297,24696,111.556,-478,313,24624,111.589,-700,552,24783,111.618,-547,513,24777,111.642
111.842,1879523584,0.69,1.26,25.98,769,-6467,26188,111.704,-475,497,24595,111.756,-863,341,24936,111.789,-187,372,24725,111.818,-617,43,24653,111.842
112.42,1879523585,0.66,1.23,21.34,-485,560,25021,111.904,-471,258,24803,111.956,-818,325,24770,111.989,-617,470,24910,112.18,-742,450,24611,112.42
112.242,1879523586,0.68,1.18,17.68,-367,415,24725,112.104,-447,442,24803,112.156,-620,243,24767,112.189,-457,164,24741,112.218,-506,482,24900,112.242
112.442,1879523587,0.68,1.18,25.66,-582,223,24790,112.304,-537,415,24787,112.356,-586,442,24608,112.389,-568,360,24793,112.418,-457,337,24670,112.442
112.642,1879523588,0.69,1.18,18.86,-686,360,24793,112.504,-520,368,24832,112.556,-509,227,24790,112.589,-638,286,24761,112.618,-586,450,24845,112.642
112.842,1879523589,0.70,1.17,21.23,-464,360,24569,112.704,-502,207,24582,112.756,-575,301,24793,112.789,-544,391,24663,112.818,-596,184,25092,112.842
113.42,1879523590,0.73,1.13,15.11,-575,356,24839,112.904,-540,391,24663,112.956,-534,356,24644,112.989,-488,388,24975,113.18,-558,250,24783,113.42
113.242,1879523591,0.75,1.12,18.85,-572,399,24953,113.104,-471,431,24956,113.156,-547,333,24796,113.189,-468,411,24946,113.218,-464,321,24748,113.242
113.442,1879523592,0.75,1.12,20.01,-471,348,24774,113.304,-527,391,24822,113.356,-568,325,24842,113.389,-523,372,24796,113.418,-409,450,24614,113.442
113.642,1879523593,0.75,1.12,23.50,-488,203,24670,113.504,-426,407,24637,113.556,-454,235,24718,113.589,-357,348,24855,113.618,-402,309,24673,113.642
113.842,1879523594,0.75,1.11,13.85,-436,313,24822,113.704,-506,297,24822,113.756,-471,411,24839,113.789,-651,407,24621,113.818,-599,325,24644,113.842
114.22,1879523595,0.75,1.11,23.51,-558,305,24764,113.904,-495,380,24806,113.961,-499,517,24709,113.982,-367,352,24923,114.2,-478,431,24881,114.22
114.222,1879523596,0.75,1.12,18.26,-669,356,24842,114.85,-416,407,24621,114.118,-398,364,24826,114.166,-447,286,24767,114.198,-561,309,24819,114.222
114.422,1879523597,0.74,1.12,24.07,-527,395,24874,114.285,-540,521,24647,114.318,-405,368,24835,114.366,-551,454,24767,114.398,-641,368,24848,114.422
114.622,1879523598,0.75,1.12,20.46,-423,348,24809,114.485,-423,470,24650,114.518,-551,427,24735,114.566,-582,423,24618,114.598,-464,364,24806,114.622
114.822,1879523599,0.75,1.12,16.56,-568,423,24611,114.685,-516,521,24806,114.718,-395,341,24712,114.766,-551,439,24598,114.798,-627,419,24709,114.822
115.22,1879523600,0.76,1.12,23.05,-547,439,24819,114.885,-558,356,24653,114.918,-499,419,24923,114.966,-492,211,24826,114.998,-544,364,24819,115.22
115.222,1879523601,0.76,1.13,24.18,-492,435,24660,115.85,-589,454,24689,115.118,-502,486,24933,115.166,-485,395,24702,115.198,-488,395,24761,115.222
115.422,1879523602,0.75,1.13,18.12,-395,356,24793,115.285,-551,321,24829,115.318,-527,203,24809,115.366,-405,540,24647,115.398,-464,415,24998,115.422
115.622,1879523603,0.74,1.13,25.20,-551,278,24689,115.485,-516,423,24637,115.518,-575,337,24575,115.566,-568,333,24731,115.598,-502,462,24689,115.622
115.822,1879523604,0.74,1.13,26.44,-534,493,24787,115.685,-568,454,24813,115.718,-482,533,24592,115.766,-416,293,24722,115.798,-488,384,24653,115.822
116.22,1879523605,0.72,1.14,20.83,-436,364,24874,115.885,-520,286,24803,115.918,-565,250,24761,115.966,-610,297,24712,115.998,-530,431,24731,116.22
116.172,1879523606,0.71,1.14,14.71,-568,290,24702,116.91,-419,333,24783,116.112,-405,454,24878,116.133,-579,454,24878,116.152,-634,344,24904,116.172
116.342,1879523607,0.70,1.14,14.90,-513,231,24829,116.218,-554,278,24644,116.266,-554,239,24748,116.298,-554,478,24881,116.322,-561,493,24897,116.342
116.522,1879523608,0.70,1.14,19.88,-603,148,24527,116.404,-409,497,24855,116.461,-509,352,24777,116.482,-613,368,24936,116.502,-683,223,24530,116.522
116.672,1879523609,0.71,1.14,21.87,-471,395,24839,116.591,-596,391,24907,116.612,-697,321,24579,116.632,-582,258,24546,116.652,-488,344,25014,116.672
116.842,1879523610,0.72,1.13,21.04,-409,439,24839,116.718,-599,262,24848,116.766,-534,372,24692,116.798,-492,435,24696,116.822,-346,380,24679,116.842
117.2,1879523611,0.72,1.13,20.38,-513,344,24910,116.909,-364,282,24751,116.942,-329,388,24761,116.962,-537,305,24748,116.982,-516,446,24770,117.2
117.142,1879523612,0.71,1.13,11.12,-537,341,24705,117.61,-436,250,24887,117.82,-488,360,24722,117.102,-471,446,24657,117.122,-620,341,24653,117.142
117.312,1879523613,0.71,1.13,18.79,-596,341,24774,117.209,-596,360,24657,117.242,-419,442,24741,117.262,-586,388,24728,117.289,-527,380,24735,117.312
117.512,1879523614,0.71,1.13,21.71,-502,293,24767,117.376,-412,380,24884,117.408,-558,262,24718,117.456,-527,384,24780,117.489,-492,384,24826,117.512
117.712,1879523615,0.72,1.12,17.11,-561,372,24874,117.576,-430,505,24985,117.608,-433,356,24839,117.656,-575,231,24832,117.689,-554,301,24663,117.712
117.912,1879523616,0.72,1.12,14.40,-540,442,24868,117.776,-495,246,24722,117.808,-582,344,24725,117.856,-544,435,24865,117.889,-544,439,24712,117.912
118.112,1879523617,0.72,1.12,20.50,-603,493,24634,117.976,-409,419,24930,118.8,-645,482,24881,118.56,-586,388,24722,118.89,-544,352,24715,118.112
118.312,1879523618,0.72,1.12,17.43,-506,384,24725,118.176,-707,364,24748,118.208,-468,356,24904,118.256,-513,388,24809,118.289,-558,454,24949,118.312
118.512,1879523619,0.72,1.12,23.50,-506,274,24764,118.376,-540,180,24878,118.408,-599,364,24887,118.456,-488,360,24927,118.489,-509,407,24751,118.512
118.712,1879523620,0.72,1.13,20.91,-651,258,24614,118.576,-502,360,24855,118.608,-540,297,24796,118.656,-579,391,24731,118.689,-551,341,24650,118.712
118.912,1879523621,0.72,1.13,15.59,-527,360,24966,118.775,-610,333,24774,118.808,-527,388,24871,118.856,-547,360,24809,118.889,-509,333,24676,118.912
119.170,1879523622,0.72,1.13,17.46,-558,442,24640,119.7,-534,333,24689,119.66,-624,427,24972,119.98,-471,348,24891,119.136,-430,427,24738,119.170
119.356,1879523623,0.72,1.12,20.44,-433,442,24809,119.218,-506,391,24871,119.256,-561,297,24673,119.289,-433,293,24728,119.312,-520,450,24946,119.356
119.512,1879523624,0.72,1.12,17.47,-558,446,24705,119.398,-509,325,24767,119.436,-544,474,24894,119.469,-443,329,24949,119.492,-547,368,24806,119.512
119.712,1879523625,0.72,1.12,22.76,-395,458,24891,119.576,-468,497,24748,119.608,-551,325,24741,119.656,-443,391,24900,119.689,-527,411,24647,119.712
119.912,1879523626,0.72,1.13,19.51,-582,458,24722,119.776,-475,466,24728,119.808,-409,403,24933,119.856,-589,376,24757,119.889,-398,388,24731,119.912
120.112,1879523627,0.72,1.12,20.04,-454,427,24813,119.976,-610,364,24761,120.8,-634,368,24790,120.56,-443,395,24874,120.89,-468,450,24689,120.112
120.312,1879523628,0.72,1.12,17.79,-648,439,24722,120.176,-534,384,24839,120.208,-572,352,24803,120.256,-478,446,24692,120.289,-547,325,24871,120.312
120.512,1879523629,0.72,1.13,12.92,-499,450,24842,120.376,-731,282,24806,120.408,-440,270,24738,120.456,-575,427,24884,120.489,-558,391,24920,120.512
120.712,1879523630,0.71,1.13,14.67,-443,395,24696,120.576,-534,282,24673,120.608,-502,415,24816,120.656,-447,388,24832,120.689,-492,321,24718,120.712
120.912,1879523631,0.71,1.13,13.63,-520,399,24748,120.776,-482,395,24770,120.808,-502,341,24673,120.856,-506,333,24800,120.889,-534,348,24770,120.912
121.112,1879523632,0.72,1.12,26.63,-613,376,24731,120.976,-457,352,24796,121.8,-565,246,24933,121.56,-430,388,24881,121.89,-613,466,24787,121.112
121.312,1879523633,0.72,1.12,21.06,-624,282,24806,121.176,-440,407,24692,121.208,-572,368,24900,121.256,-430,380,24718,121.289,-540,423,24787,121.312
121.512,1879523634,0.72,1.12,21.33,-547,388,24780,121.376,-575,364,24660,121.408,-502,293,24845,121.456,-499,333,24761,121.489,-593,282,24653,121.512
121.712,1879523635,0.72,1.11,18.42,-454,431,24780,121.576,-558,360,24631,121.608,-537,388,24644,121.656,-506,380,24757,121.689,-471,293,24757,121.712
121.862,1879523636,0.73,1.11,13.08,-433,246,24887,121.782,-523,482,24634,121.802,-513,435,24822,121.822,-540,442,24881,121.842,-506,258,24670,121.862
122.56,1879523637,0.74,1.11,19.71,-433,439,24832,121.934,-547,415,24660,121.970,-527,442,24751,121.992,-599,415,24956,122.12,-402,344,24624,122.56
122.256,1879523638,0.74,1.10,21.85,-499,360,24982,122.104,-579,446,24582,122.156,-450,403,24878,122.189,-395,493,24741,122.212,-586,282,24777,122.256
122.456,1879523639,0.74,1.10,18.31,-565,407,24966,122.304,-554,427,24897,122.356,-492,431,24718,122.389,-506,329,24676,122.412,-488,352,24835,122.456
122.656,1879523640,0.74,1.09,20.33,-579,407,24780,122.504,-398,341,24891,122.556,-502,372,24699,122.589,-388,493,24907,122.612,-561,360,24826,122.656
122.856,1879523641,0.74,1.10,20.39,-610,427,24809,122.704,-554,344,24845,122.756,-454,399,24754,122.789,-561,372,24660,122.812,-582,344,24692,122.856
123.56,1879523642,0.74,1.09,24.19,-547,388,24644,122.904,-509,399,24712,122.956,-485,470,24826,122.989,-575,344,24605,123.12,-471,376,24748,123.56
123.380,1879523643,0.74,1.09,17.61,-464,325,24712,123.104,-464,239,24774,123.156,-540,227,24377,123.199,-454,348,24722,123.336,-450,478,24894,123.380
